0.000685605
0.0071459
0.0418831
0.136517
0.318411
0.604764
1.00322
1.51452
2.13485
2.85652
3.66877
4.55998
5.51949
6.53775
7.60634
8.71743
9.86219
11.0271
12.188
13.3028
14.3058
15.1085
15.6104
15.7198
15.3795
14.5883
13.4101
11.9669
10.4176
8.9289
7.64831
6.68603
6.10942
0.0071459
0.00982535
0.0370957
0.115858
0.274085
0.531929
0.900899
1.3855
1.98506
2.69438
3.50446
4.40473
5.38477
6.43445
7.54379
8.70254
9.89874
11.1157
12.327
13.4897
14.5396
15.3908
15.9455
16.1121
15.8298
15.0901
13.9467
12.512
10.9383
9.39069
8.02076
6.94646
6.24355
0.0418831
0.0370957
0.0633694
0.139748
0.293612
0.545144
0.906223
1.38195
1.97231
2.67279
3.47495
4.36868
5.34397
6.391
7.50008
8.66114
9.86231
11.0868
12.3076
13.4814
14.5429
15.4053
15.97
16.145
15.8696
15.135
13.9953
12.5627
10.9889
9.43861
8.06251
6.9782
6.26131
0.136517
0.115858
0.139748
0.21297
0.362085
0.607546
0.961637
1.42985
2.01253
2.70543
3.50036
4.38739
5.35662
6.39833
7.50284
8.66012
9.85828
11.0805
12.2999
13.4731
14.5346
15.3977
15.9636
16.1402
15.8665
15.1336
13.9956
12.5644
10.9917
9.442
8.06604
6.98125
6.26322
0.318411
0.274085
0.293612
0.362085
0.504139
0.740508
1.08411
1.54108
2.11227
2.79385
3.57793
4.45476
5.41456
6.44767
7.54446
8.69486
9.88697
11.1039
12.3188
13.488
14.5463
15.4067
15.9704
16.1452
15.8702
15.1363
13.9976
12.5659
10.9928
9.4428
8.06664
6.98168
6.26346
0.604764
0.531929
0.545144
0.607546
0.740508
0.964753
1.2939
1.73491
2.28942
2.95424
3.72195
4.58312
5.5282
6.54764
7.63188
8.77087
9.95268
11.1604
12.3671
13.529
14.5808
15.4356
15.9943
16.1649
15.8862
15.1491
14.0077
12.5736
10.9986
9.44699
8.06946
6.98337
6.26422
1.00322
0.900899
0.906223
0.961637
1.08411
1.2939
1.60521
2.0259
2.55857
3.20092
3.94626
4.78566
5.70989
6.70967
7.77558
8.89762
10.0639
11.2575
12.4514
13.6018
14.6433
15.4888
16.0394
16.2027
15.9175
15.1748
14.0283
12.5899
11.0111
9.45618
8.0758
6.98726
6.266
1.51452
1.3855
1.38195
1.42985
1.54108
1.73491
2.0259
2.4227
2.92892
3.54343
4.26058
5.07215
5.96936
6.94323
7.98461
9.0837
10.2287
11.4026
12.5785
13.7125
14.7391
15.5713
16.1097
16.2622
15.9673
15.216
14.0618
12.6166
11.0318
9.47157
8.08653
6.99391
6.26909
2.13485
1.98506
1.97231
2.01253
2.11227
2.28942
2.55857
2.92892
3.40496
3.98685
4.67041
5.44847
6.31276
7.2547
8.26547
9.33551
10.4532
11.6017
12.7541
13.8664
14.8732
15.6873
16.2094
16.347
16.0387
15.2754
14.1105
12.6556
11.0622
9.49431
8.10248
7.00385
6.27374
2.85652
2.69438
2.67279
2.70543
2.79385
2.95424
3.20092
3.54343
3.98685
4.53246
5.17781
5.91717
6.74312
7.64754
8.62195
9.65713
10.7417
11.859
12.9822
14.0675
15.0493
15.8404
16.3415
16.46
16.1344
15.3553
14.1761
12.7085
11.1035
9.52539
8.12438
7.01757
6.28019
3.66877
3.50446
3.47495
3.50036
3.57793
3.72195
3.94626
4.26058
4.67041
5.17781
5.78172
6.47817
7.261
8.12282
9.05562
10.0505
11.0965
12.1771
13.2656
14.3185
15.2701
16.0333
16.5086
16.6034
16.2562
15.4574
14.2604
12.7766
11.157
9.5657
8.15287
7.03546
6.28862
4.55998
4.40473
4.36868
4.38739
4.45476
4.58312
4.78566
5.07215
5.44847
5.91717
6.47817
7.12898
7.86493
8.67981
9.56631
10.5161
11.5183
12.5571
13.6057
14.621
15.5373
16.2675
16.7122
16.7789
16.4057
15.5831
14.3645
12.8609
11.2234
9.61592
8.18845
7.05788
6.29921
5.51949
5.38477
5.34397
5.35662
5.41456
5.5282
5.70989
5.96936
6.31276
6.74312
7.261
7.86493
8.55165
9.31627
10.1525
11.0528
12.0068
12.9989
14.0029
14.9756
15.8517
16.5441
16.9536
16.9875
16.584
15.7335
14.4893
12.9623
11.3035
9.67659
8.23155
7.08508
6.31209
6.53775
6.43445
6.391
6.39833
6.44767
6.54764
6.70967
6.94323
7.2547
7.64754
8.12282
8.67981
9.31627
10.0286
10.8117
11.6589
12.5607
13.5019
14.4567
15.3823
16.2135
16.8636
17.2332
17.2298
16.7917
15.9093
14.6354
13.0813
11.3977
9.74812
8.28246
7.11729
6.32737
7.60634
7.54379
7.50008
7.50284
7.54446
7.63188
7.77558
7.98461
8.26547
8.62195
9.05562
9.56631
10.1525
10.8117
11.5398
12.3313
13.1776
14.0643
14.9661
15.8404
16.6225
17.2258
17.5512
17.5063
17.0293
16.1107
14.8034
13.2184
11.5064
9.83081
8.34143
7.15465
6.34512
8.71743
8.70254
8.66114
8.66012
8.69486
8.77087
8.89762
9.0837
9.33551
9.65713
10.0505
10.5161
11.0528
11.6589
12.3313
13.0656
13.8541
14.6834
15.5286
16.348
17.0772
17.6299
17.9071
17.8166
17.2968
16.3381
14.9934
13.3738
11.6298
9.9249
8.40862
7.1973
6.36541
9.86219
9.89874
9.86231
9.85828
9.88697
9.95268
10.0639
10.2287
10.4532
10.7417
11.0965
11.5183
12.0068
12.5607
13.1776
13.8541
14.5835
15.3533
16.1396
16.9012
17.5744
18.0732
18.299
18.1596
17.5934
16.591
15.2054
13.5476
11.7682
10.0306
8.48419
7.24532
6.38829
11.0271
11.1157
11.0868
11.0805
11.1039
11.1604
11.2575
11.4026
11.6017
11.859
12.1771
12.5571
12.9989
13.5019
14.0643
14.6834
15.3533
16.0625
16.7883
17.4903
18.1056
18.5487
18.7212
18.5308
17.9162
16.8677
15.4383
13.7394
11.9213
10.1478
8.56822
7.29879
6.4138
12.188
12.327
12.3076
12.2999
12.3188
12.3671
12.4514
12.5785
12.7541
12.9822
13.2656
13.6057
14.0029
14.4567
14.9661
15.5286
16.1396
16.7883
17.4532
18.0953
18.6526
19.0402
19.16
18.9196
18.257
17.1624
15.6887
13.947
12.0883
10.2762
8.66059
7.35774
6.44197
13.3028
13.4897
13.4814
13.4731
13.488
13.529
13.6018
13.7125
13.8664
14.0675
14.3185
14.621
14.9756
15.3823
15.8404
16.348
16.9012
17.4903
18.0953
18.6788
19.1801
19.5156
19.5872
19.3021
18.5973
17.4615
15.947
14.1647
12.2656
10.4141
8.76059
7.42191
6.47275
14.3058
14.5396
14.5429
14.5346
14.5463
14.5808
14.6433
14.7391
14.8732
15.0493
15.2701
15.5373
15.8517
16.2135
16.6225
17.0772
17.5744
18.1056
18.6526
19.1801
19.6299
19.92
19.9531
19.6352
18.9011
17.7371
16.1931
14.3787
12.445
10.5568
8.86593
7.49041
6.50591
15.1085
15.3908
15.4053
15.3977
15.4067
15.4356
15.4888
15.5713
15.6873
15.8404
16.0333
16.2675
16.5441
16.8636
17.2258
17.6299
18.0732
18.5487
19.0402
19.5156
19.92
20.1747
20.1835
19.8517
19.1106
17.9419
16.3908
14.5634
12.6094
10.6943
8.9713
7.56086
6.5407
15.6104
15.9455
15.97
15.9636
15.9704
15.9943
16.0394
16.1097
16.2094
16.3415
16.5086
16.7122
16.9536
17.2332
17.5512
17.9071
18.299
18.7212
19.16
19.5872
19.9531
20.1835
20.1856
19.8644
19.1472
18.0086
16.4856
14.6777
12.7305
10.8084
9.06652
7.62844
6.57549
15.7198
16.1121
16.145
16.1402
16.1452
16.1649
16.2027
16.2622
16.347
16.46
16.6034
16.7789
16.9875
17.2298
17.5063
17.8166
18.1596
18.5308
18.9196
19.3021
19.6352
19.8517
19.8644
19.58
18.9222
17.8567
16.409
14.667
12.7678
10.8721
9.13537
7.68493
6.60732
15.3795
15.8298
15.8696
15.8665
15.8702
15.8862
15.9175
15.9673
16.0387
16.1344
16.2562
16.4057
16.584
16.7917
17.0293
17.2968
17.5934
17.9162
18.257
18.5973
18.9011
19.1106
19.1472
18.9222
18.3575
17.41
16.0907
14.4709
12.6738
10.8512
9.15606
7.71864
6.63169
14.5883
15.0901
15.135
15.1336
15.1363
15.1491
15.1748
15.216
15.2754
15.3553
15.4574
15.5831
15.7335
15.9093
16.1107
16.3381
16.591
16.8677
17.1624
17.4615
17.7371
17.9419
18.0086
17.8567
17.41
16.6183
15.477
14.0376
12.4031
10.7101
9.10418
7.7155
6.64285
13.4101
13.9467
13.9953
13.9956
13.9976
14.0077
14.0283
14.0618
14.1105
14.1761
14.2604
14.3645
14.4893
14.6354
14.8034
14.9934
15.2054
15.4383
15.6887
15.947
16.1931
16.3908
16.4856
16.409
16.0907
15.477
14.5501
13.34
11.9252
10.4208
8.95784
7.66167
6.63469
11.9669
12.512
12.5627
12.5644
12.5659
12.5736
12.5899
12.6166
12.6556
12.7085
12.7766
12.8609
12.9623
13.0813
13.2184
13.3738
13.5476
13.7394
13.947
14.1647
14.3787
14.5634
14.6777
14.667
14.4709
14.0376
13.34
12.3887
11.2364
9.97149
8.7038
7.54689
6.60205
10.4176
10.9383
10.9889
10.9917
10.9928
10.9986
11.0111
11.0318
11.0622
11.1035
11.157
11.2234
11.3035
11.3977
11.5064
11.6298
11.7682
11.9213
12.0883
12.2656
12.445
12.6094
12.7305
12.7678
12.6738
12.4031
11.9252
11.2364
10.3656
9.37314
8.34235
7.36761
6.54213
8.9289
9.39069
9.43861
9.442
9.4428
9.44699
9.45618
9.47157
9.49431
9.52539
9.5657
9.61592
9.67659
9.74812
9.83081
9.9249
10.0306
10.1478
10.2762
10.4141
10.5568
10.6943
10.8084
10.8721
10.8512
10.7101
10.4208
9.97149
9.37314
8.66068
7.88939
7.12864
6.45536
7.64831
8.02076
8.06251
8.06604
8.06664
8.06946
8.0758
8.08653
8.10248
8.12438
8.15287
8.18845
8.23155
8.28246
8.34143
8.40862
8.48419
8.56822
8.66059
8.76059
8.86593
8.9713
9.06652
9.13537
9.15606
9.10418
8.95784
8.7038
8.34235
7.88939
7.37535
6.84289
6.3454
6.68603
6.94646
6.9782
6.98125
6.98168
6.98337
6.98726
6.99391
7.00385
7.01757
7.03546
7.05788
7.08508
7.11729
7.15465
7.1973
7.24532
7.29879
7.35774
7.42191
7.49041
7.56086
7.62844
7.68493
7.71864
7.7155
7.66167
7.54689
7.36761
7.12864
6.84289
6.5303
6.21829
6.10942
6.24355
6.26131
6.26322
6.26346
6.26422
6.266
6.26909
6.27374
6.28019
6.28862
6.29921
6.31209
6.32737
6.34512
6.36541
6.38829
6.4138
6.44197
6.47275
6.50591
6.5407
6.57549
6.60732
6.63169
6.64285
6.63469
6.60205
6.54213
6.45536
6.3454
6.21829
6.08166
