-2.2116e-14
-1.79873e-12
-8.16634e-11
-1.63175e-09
-1.74588e-08
-1.1296e-07
-5.0278e-07
-1.58806e-06
-3.44874e-06
-3.84838e-06
6.23204e-06
4.98474e-05
0.000173434
0.000456716
0.00102782
0.00207251
0.00384024
0.00664599
0.0108669
0.0169325
0.0253083
0.0364718
0.0508829
0.0689527
0.0910157
0.117314
0.147994
0.183126
0.222732
0.266814
0.315339
0.368234
0.508955
0.775215
1.1474
1.56129
1.96501
2.35898
2.74313
3.11778
3.48295
3.83739
4.1801
4.51029
4.82739
5.13101
5.42093
5.69707
5.95946
6.20826
6.44369
6.66607
6.87575
7.07316
7.25873
7.43294
7.59627
7.74923
7.89232
8.02605
8.15091
8.26739
8.37598
8.47713
8.5713
8.65892
8.7404
8.81614
8.88653
8.95193
9.01267
9.06908
9.12147
9.17013
9.21533
9.25734
9.29639
9.33271
9.36652
9.39802
9.42741
9.45484
9.48051
9.50456
9.52713
9.54838
9.56842
9.58738
9.60538
9.62252
9.6389
9.65463
9.66978
9.68446
9.69874
9.71268
9.72638
9.7399
-1.79873e-12
3.1611e-14
8.67583e-13
8.03167e-12
-1.8415e-12
-4.16207e-10
-3.6959e-09
-1.94539e-08
-1.08922e-07
-7.29004e-07
-1.72308e-06
-1.99772e-06
4.13005e-07
1.02199e-05
3.5939e-05
9.10339e-05
0.000195887
0.000380107
0.000683575
0.00115832
0.00187078
0.00290409
0.0043593
0.00635305
0.00900795
0.0124324
0.0166907
0.0217699
0.0275505
0.0405354
0.0915275
0.205976
0.411058
0.717104
1.09977
1.50141
1.90099
2.29606
2.68449
3.06448
3.43452
3.79338
4.1401
4.47391
4.7943
5.10089
5.39349
5.67206
5.93665
6.18744
6.42468
6.6487
6.85988
7.05864
7.24544
7.42077
7.58513
7.73902
7.88296
8.01747
8.14304
8.26018
8.36936
8.47105
8.56572
8.6538
8.7357
8.81184
8.88258
8.9483
9.00934
9.06602
9.11867
9.16756
9.21298
9.25518
9.29441
9.3309
9.36486
9.39651
9.42602
9.45358
9.47936
9.50351
9.52618
9.54751
9.56764
9.58668
9.60475
9.62196
9.63842
9.65421
9.66943
9.68417
9.6985
9.71251
9.72627
9.73984
-8.16633e-11
8.67581e-13
-1.59403e-13
-2.09245e-13
-1.44966e-13
1.3553e-12
-2.879e-11
-2.25002e-10
9.01182e-10
-1.30956e-08
-7.94473e-08
-4.06581e-07
-8.36881e-07
-1.06383e-06
-7.49035e-07
1.00526e-06
5.75418e-06
1.60032e-05
3.58628e-05
7.13225e-05
0.000130565
0.000223951
0.00036344
0.000561379
0.000828964
0.00117505
0.00160499
0.00317987
0.0104212
0.0322383
0.086903
0.202626
0.408503
0.715524
1.09896
1.50068
1.9003
2.29537
2.6838
3.06379
3.43384
3.79272
4.13945
4.4733
4.7937
5.10032
5.39296
5.67155
5.93618
6.187
6.42426
6.64831
6.85951
7.05829
7.24512
7.42047
7.58484
7.73876
7.88272
8.01724
8.14283
8.25998
8.36917
8.47088
8.56556
8.65365
8.73556
8.81171
8.88246
8.94818
9.00923
9.06592
9.11857
9.16747
9.21289
9.2551
9.29434
9.33083
9.3648
9.39645
9.42597
9.45353
9.47931
9.50347
9.52614
9.54748
9.56761
9.58665
9.60473
9.62194
9.6384
9.65419
9.66941
9.68415
9.69849
9.7125
9.72626
9.73984
-1.63175e-09
8.03164e-12
-2.09243e-13
-5.07352e-14
-1.76942e-13
-1.10182e-12
-7.52599e-12
-4.57803e-11
-4.25111e-11
2.133e-11
-8.4076e-10
-1.86126e-08
-6.86834e-08
-1.71254e-07
-3.03217e-07
-3.72431e-07
-2.90986e-07
8.51355e-08
1.04623e-06
3.0826e-06
7.01214e-06
1.40115e-05
2.55061e-05
4.28821e-05
6.69602e-05
0.000144257
0.0006633
0.00278692
0.0101629
0.0320004
0.0867436
0.202531
0.408444
0.71548
1.09892
1.50066
1.90027
2.29535
2.68378
3.06377
3.43382
3.79271
4.13944
4.47328
4.79369
5.10031
5.39295
5.67154
5.93617
6.18699
6.42426
6.6483
6.8595
7.05829
7.24511
7.42046
7.58484
7.73875
7.88271
8.01724
8.14282
8.25997
8.36917
8.47088
8.56556
8.65365
8.73556
8.8117
8.88245
8.94818
9.00923
9.06592
9.11857
9.16747
9.21289
9.2551
9.29434
9.33083
9.3648
9.39645
9.42597
9.45353
9.47931
9.50346
9.52614
9.54748
9.56761
9.58665
9.60473
9.62194
9.6384
9.65419
9.66941
9.68415
9.69849
9.7125
9.72626
9.73984
-1.74588e-08
-1.84154e-12
-1.44961e-13
-1.76936e-13
-1.47857e-14
-7.52402e-14
-4.90383e-13
-4.77588e-12
-1.73537e-11
-2.51483e-11
-4.44212e-12
-5.7431e-10
-4.71975e-09
-1.59441e-08
-4.02202e-08
-7.31105e-08
-1.0364e-07
-1.09303e-07
-6.83026e-08
4.42485e-08
2.94182e-07
7.89301e-07
1.67279e-06
3.60848e-06
2.34421e-05
0.000132742
0.000652469
0.00277353
0.0101551
0.0319962
0.0867405
0.202529
0.408442
0.715479
1.09892
1.50066
1.90027
2.29535
2.68378
3.06377
3.43382
3.79271
4.13944
4.47328
4.79369
5.10031
5.39295
5.67154
5.93617
6.18699
6.42426
6.6483
6.8595
7.05829
7.24511
7.42046
7.58484
7.73875
7.88271
8.01724
8.14282
8.25997
8.36917
8.47088
8.56556
8.65365
8.73556
8.8117
8.88245
8.94818
9.00923
9.06592
9.11857
9.16747
9.21289
9.2551
9.29434
9.33083
9.3648
9.39645
9.42597
9.45353
9.47931
9.50346
9.52614
9.54748
9.56761
9.58665
9.60473
9.62194
9.6384
9.65419
9.66941
9.68415
9.69849
9.7125
9.72626
9.73984
-1.1296e-07
-4.16205e-10
1.35526e-12
-1.10171e-12
-7.52398e-14
-8.74469e-15
-3.54431e-14
-3.35009e-13
-2.57829e-12
-6.79768e-12
-9.36492e-12
-5.73344e-12
-2.92716e-10
-1.48802e-09
-5.00927e-09
-1.19455e-08
-2.16041e-08
-3.03011e-08
-2.99551e-08
-1.93344e-08
5.66071e-09
5.08043e-08
4.65794e-07
3.50271e-06
2.31196e-05
0.000132208
0.000652248
0.00277341
0.0101549
0.0319961
0.0867404
0.202529
0.408442
0.715479
1.09892
1.50066
1.90027
2.29535
2.68378
3.06377
3.43382
3.79271
4.13944
4.47328
4.79369
5.10031
5.39295
5.67154
5.93617
6.18699
6.42426
6.6483
6.8595
7.05829
7.24511
7.42046
7.58484
7.73875
7.88271
8.01724
8.14282
8.25997
8.36917
8.47088
8.56556
8.65365
8.73556
8.8117
8.88245
8.94818
9.00923
9.06592
9.11857
9.16747
9.21289
9.2551
9.29434
9.33083
9.3648
9.39645
9.42597
9.45353
9.47931
9.50346
9.52614
9.54748
9.56761
9.58665
9.60473
9.62194
9.6384
9.65419
9.66941
9.68415
9.69849
9.7125
9.72626
9.73984
-5.02782e-07
-3.69587e-09
-2.87903e-11
-7.52455e-12
-4.90359e-13
-3.54437e-14
-5.37931e-15
-2.79005e-14
-3.19203e-13
-1.34175e-12
-3.1493e-12
-3.08846e-12
-1.51544e-11
-1.36183e-10
-6.14886e-10
-1.8781e-09
-4.21902e-09
-7.51443e-09
-9.39331e-09
-6.99114e-09
1.22407e-09
4.99274e-08
4.5412e-07
3.48876e-06
2.31157e-05
0.000132201
0.000652226
0.00277337
0.0101549
0.031996
0.0867403
0.202528
0.408442
0.715479
1.09892
1.50066
1.90027
2.29535
2.68378
3.06377
3.43382
3.79271
4.13944
4.47328
4.79369
5.10031
5.39295
5.67154
5.93617
6.18699
6.42426
6.6483
6.8595
7.05829
7.24511
7.42046
7.58484
7.73875
7.88271
8.01724
8.14282
8.25997
8.36917
8.47088
8.56556
8.65365
8.73556
8.8117
8.88245
8.94818
9.00923
9.06592
9.11857
9.16747
9.21289
9.2551
9.29434
9.33083
9.3648
9.39645
9.42597
9.45353
9.47931
9.50346
9.52614
9.54748
9.56761
9.58665
9.60473
9.62194
9.6384
9.65419
9.66941
9.68415
9.69849
9.7125
9.72626
9.73984
-1.58808e-06
-1.94536e-08
-2.25021e-10
-4.57687e-11
-4.77558e-12
-3.34973e-13
-2.78985e-14
-4.02181e-15
-3.55861e-14
-2.31345e-13
-7.90959e-13
-1.23334e-12
-1.42044e-12
-1.1685e-11
-7.40537e-11
-2.91334e-10
-8.02955e-10
-1.74866e-09
-2.78462e-09
-2.59028e-09
2.89761e-09
5.02515e-08
4.53951e-07
3.48727e-06
2.31105e-05
0.000132186
0.000652183
0.00277327
0.0101547
0.0319957
0.0867399
0.202528
0.408441
0.715479
1.09892
1.50066
1.90027
2.29535
2.68378
3.06377
3.43382
3.79271
4.13944
4.47328
4.79369
5.10031
5.39295
5.67154
5.93617
6.18699
6.42426
6.6483
6.8595
7.05829
7.24511
7.42046
7.58484
7.73875
7.88271
8.01724
8.14282
8.25997
8.36917
8.47088
8.56556
8.65365
8.73556
8.8117
8.88245
8.94818
9.00923
9.06592
9.11857
9.16747
9.21289
9.2551
9.29434
9.33083
9.3648
9.39645
9.42597
9.45353
9.47931
9.50346
9.52614
9.54748
9.56761
9.58665
9.60473
9.62194
9.6384
9.65419
9.66941
9.68415
9.69849
9.7125
9.72626
9.73984
-3.44892e-06
-1.08909e-07
9.00622e-10
-4.25073e-11
-1.73552e-11
-2.57838e-12
-3.19199e-13
-3.5584e-14
-7.55318e-15
-3.7373e-14
-1.76484e-13
-4.21601e-13
-4.46298e-13
-9.9743e-13
-8.57068e-12
-4.4552e-11
-1.51042e-10
-3.9316e-10
-7.56051e-10
-6.56704e-10
4.00327e-09
5.05396e-08
4.53646e-07
3.48503e-06
2.31008e-05
0.000132152
0.00065208
0.00277301
0.0101541
0.0319947
0.0867385
0.202526
0.40844
0.715477
1.09892
1.50066
1.90027
2.29535
2.68378
3.06377
3.43382
3.79271
4.13944
4.47328
4.79369
5.10031
5.39295
5.67154
5.93617
6.18699
6.42426
6.6483
6.8595
7.05829
7.24511
7.42046
7.58484
7.73875
7.88271
8.01724
8.14282
8.25997
8.36917
8.47088
8.56556
8.65365
8.73556
8.8117
8.88245
8.94818
9.00923
9.06592
9.11857
9.16747
9.21289
9.2551
9.29434
9.33083
9.3648
9.39645
9.42597
9.45353
9.47931
9.50346
9.52614
9.54748
9.56761
9.58665
9.60473
9.62194
9.6384
9.65419
9.66941
9.68415
9.69849
9.7125
9.72626
9.73984
-3.84925e-06
-7.28869e-07
-1.30938e-08
2.13496e-11
-2.51559e-11
-6.79897e-12
-1.34192e-12
-2.31363e-13
-3.73742e-14
-1.13963e-14
-3.78832e-14
-1.25012e-13
-1.86565e-13
-2.47719e-13
-9.61135e-13
-6.61901e-12
-2.80751e-11
-8.59192e-11
-1.81436e-10
5.59209e-11
4.54131e-09
5.06755e-08
4.53076e-07
3.48136e-06
2.30839e-05
0.000132087
0.000651873
0.00277246
0.0101529
0.0319924
0.086735
0.202522
0.408435
0.715473
1.09892
1.50065
1.90027
2.29535
2.68378
3.06377
3.43382
3.7927
4.13944
4.47328
4.79369
5.10031
5.39295
5.67154
5.93617
6.18699
6.42426
6.6483
6.8595
7.05829
7.24511
7.42046
7.58484
7.73875
7.88271
8.01724
8.14282
8.25997
8.36917
8.47088
8.56556
8.65365
8.73556
8.8117
8.88245
8.94818
9.00923
9.06592
9.11857
9.16747
9.21289
9.2551
9.29434
9.33083
9.3648
9.39645
9.42597
9.45353
9.47931
9.50346
9.52614
9.54748
9.56761
9.58665
9.60473
9.62194
9.6384
9.65419
9.66941
9.68415
9.69849
9.7125
9.72626
9.73984
6.22871e-06
-1.72275e-06
-7.94412e-08
-8.39968e-10
-4.44103e-12
-9.36688e-12
-3.14985e-12
-7.91074e-13
-1.76507e-13
-3.78874e-14
-1.46547e-14
-3.54747e-14
-6.99663e-14
-7.77157e-14
-2.07172e-13
-9.37443e-13
-5.06427e-12
-1.7464e-11
-2.57912e-11
2.97071e-10
4.76607e-09
5.06832e-08
4.5226e-07
3.47616e-06
2.30583e-05
0.000131983
0.000651519
0.00277145
0.0101505
0.0319878
0.0867275
0.202512
0.408424
0.715463
1.09891
1.50065
1.90026
2.29534
2.68377
3.06377
3.43382
3.7927
4.13944
4.47328
4.79369
5.10031
5.39295
5.67154
5.93617
6.18699
6.42426
6.6483
6.8595
7.05829
7.24511
7.42046
7.58484
7.73875
7.88271
8.01724
8.14282
8.25997
8.36917
8.47088
8.56556
8.65365
8.73556
8.8117
8.88245
8.94818
9.00923
9.06592
9.11857
9.16747
9.21289
9.2551
9.29434
9.33083
9.3648
9.39645
9.42597
9.45353
9.47931
9.50346
9.52614
9.54748
9.56761
9.58665
9.60473
9.62194
9.6384
9.65419
9.66941
9.68415
9.69849
9.7125
9.72626
9.73984
4.98371e-05
-1.99684e-06
-4.06624e-07
-1.86148e-08
-5.74353e-10
-5.73016e-12
-3.08865e-12
-1.23339e-12
-4.21625e-13
-1.25021e-13
-3.54774e-14
-1.62958e-14
-2.54697e-14
-3.22931e-14
-4.44654e-14
-1.2695e-13
-8.19124e-13
-2.36567e-12
1.52475e-11
3.74568e-10
4.84968e-09
5.0622e-08
4.51304e-07
3.46978e-06
2.30246e-05
0.000131837
0.000650991
0.00276987
0.0101466
0.0319796
0.0867136
0.202492
0.408401
0.715441
1.09889
1.50063
1.90025
2.29533
2.68377
3.06376
3.43381
3.7927
4.13943
4.47328
4.79369
5.10031
5.39295
5.67154
5.93617
6.18699
6.42426
6.6483
6.8595
7.05829
7.24511
7.42046
7.58484
7.73875
7.88271
8.01724
8.14282
8.25997
8.36917
8.47088
8.56556
8.65365
8.73556
8.8117
8.88245
8.94818
9.00923
9.06592
9.11857
9.16747
9.21289
9.2551
9.29434
9.33083
9.3648
9.39645
9.42597
9.45353
9.47931
9.50346
9.52614
9.54748
9.56761
9.58665
9.60473
9.62194
9.6384
9.65419
9.66941
9.68415
9.69849
9.7125
9.72626
9.73984
0.000173407
4.14808e-07
-8.36907e-07
-6.86902e-08
-4.72051e-09
-2.92779e-10
-1.51585e-11
-1.42077e-12
-4.463e-13
-1.86561e-13
-6.99652e-14
-2.54698e-14
-1.34712e-14
-1.43392e-14
-1.651e-14
-1.76404e-14
-5.79906e-14
9.30309e-13
2.58718e-11
3.98641e-10
4.87739e-09
5.05417e-08
4.50346e-07
3.4629e-06
2.29853e-05
0.000131654
0.000650288
0.00276764
0.0101407
0.031967
0.086691
0.202459
0.408361
0.715399
1.09885
1.5006
1.90023
2.29531
2.68375
3.06375
3.4338
3.79269
4.13943
4.47327
4.79368
5.1003
5.39294
5.67154
5.93616
6.18698
6.42425
6.6483
6.8595
7.05828
7.24511
7.42046
7.58484
7.73875
7.88271
8.01724
8.14282
8.25997
8.36917
8.47088
8.56556
8.65365
8.73556
8.8117
8.88245
8.94818
9.00923
9.06592
9.11857
9.16747
9.21289
9.2551
9.29434
9.33083
9.3648
9.39645
9.42597
9.45353
9.47931
9.50346
9.52614
9.54748
9.56761
9.58665
9.60473
9.62194
9.6384
9.65419
9.66941
9.68415
9.69849
9.7125
9.72626
9.73984
0.000456656
1.02228e-05
-1.06399e-06
-1.71256e-07
-1.59451e-08
-1.48822e-09
-1.36215e-10
-1.16894e-11
-9.97923e-13
-2.47817e-13
-7.77256e-14
-3.22896e-14
-1.43372e-14
-8.17238e-15
-7.11169e-15
-1.95006e-15
7.21875e-14
1.63976e-12
2.85868e-11
4.06008e-10
4.88576e-09
5.04726e-08
4.49509e-07
3.45626e-06
2.29441e-05
0.000131447
0.000649442
0.00276479
0.0101328
0.031949
0.0866573
0.202408
0.408296
0.71533
1.09879
1.50054
1.90018
2.29527
2.68371
3.06372
3.43378
3.79267
4.13941
4.47326
4.79367
5.10029
5.39293
5.67153
5.93616
6.18698
6.42425
6.6483
6.8595
7.05828
7.24511
7.42046
7.58484
7.73875
7.88271
8.01724
8.14282
8.25997
8.36917
8.47088
8.56556
8.65365
8.73556
8.8117
8.88245
8.94818
9.00923
9.06592
9.11857
9.16747
9.21289
9.2551
9.29434
9.33083
9.3648
9.39645
9.42597
9.45353
9.47931
9.50346
9.52614
9.54748
9.56761
9.58665
9.60473
9.62194
9.6384
9.65419
9.66941
9.68415
9.69849
9.7125
9.72626
9.73984
0.0010277
3.59428e-05
-7.49466e-07
-3.0323e-07
-4.02206e-08
-5.00937e-09
-6.14925e-10
-7.40642e-11
-8.57301e-12
-9.61639e-13
-2.07387e-13
-4.45414e-14
-1.65253e-14
-7.11368e-15
-2.11619e-15
2.79791e-15
9.41927e-14
1.79136e-12
2.92818e-11
4.08325e-10
4.88867e-09
5.04275e-08
4.48874e-07
3.45053e-06
2.29048e-05
0.000131234
0.000648508
0.00276145
0.0101231
0.0319256
0.0866115
0.202334
0.408199
0.715224
1.09869
1.50046
1.9001
2.2952
2.68366
3.06367
3.43374
3.79263
4.13938
4.47323
4.79365
5.10028
5.39292
5.67152
5.93615
6.18697
6.42424
6.64829
6.85949
7.05828
7.2451
7.42046
7.58483
7.73875
7.88271
8.01723
8.14282
8.25997
8.36917
8.47088
8.56556
8.65364
8.73556
8.8117
8.88245
8.94818
9.00923
9.06592
9.11857
9.16747
9.21289
9.2551
9.29434
9.33083
9.3648
9.39645
9.42597
9.45353
9.47931
9.50346
9.52614
9.54748
9.56761
9.58665
9.60473
9.62194
9.6384
9.65419
9.66941
9.68415
9.69849
9.7125
9.72626
9.73984
0.0020723
9.10372e-05
1.00432e-06
-3.72486e-07
-7.31155e-08
-1.19456e-08
-1.87808e-09
-2.91334e-10
-4.45542e-11
-6.62004e-12
-9.37792e-13
-1.2705e-13
-1.76642e-14
-1.95391e-15
2.79846e-15
8.59642e-15
1.01118e-13
1.82937e-12
2.94799e-11
4.09142e-10
4.89055e-09
5.04066e-08
4.48464e-07
3.44611e-06
2.28708e-05
0.000131032
0.000647553
0.00275782
0.0101119
0.0318973
0.0865533
0.202236
0.408065
0.715073
1.09854
1.50033
1.89999
2.2951
2.68357
3.06359
3.43367
3.79257
4.13933
4.47319
4.79361
5.10024
5.39289
5.67149
5.93612
6.18695
6.42423
6.64828
6.85948
7.05827
7.2451
7.42045
7.58483
7.73874
7.88271
8.01723
8.14282
8.25997
8.36916
8.47087
8.56555
8.65364
8.73556
8.8117
8.88245
8.94818
9.00923
9.06592
9.11857
9.16747
9.21289
9.2551
9.29434
9.33083
9.3648
9.39645
9.42597
9.45353
9.47931
9.50346
9.52614
9.54748
9.56761
9.58665
9.60473
9.62194
9.6384
9.65419
9.66941
9.68415
9.69849
9.7125
9.72626
9.73984
0.00383991
0.000195887
5.75241e-06
-2.91069e-07
-1.03658e-07
-2.16059e-08
-4.2191e-09
-8.02931e-10
-1.51034e-10
-2.80738e-11
-5.06438e-12
-8.1929e-13
-5.80648e-14
7.21675e-14
9.41942e-14
1.01126e-13
1.93487e-13
1.92193e-12
2.95917e-11
4.09515e-10
4.89232e-09
5.04029e-08
4.4825e-07
3.44314e-06
2.2844e-05
0.000130855
0.000646647
0.00275413
0.0100997
0.0318651
0.086484
0.202115
0.407893
0.714871
1.09834
1.50014
1.89982
2.29495
2.68344
3.06347
3.43356
3.79248
4.13924
4.47311
4.79355
5.10019
5.39284
5.67145
5.93609
6.18692
6.4242
6.64825
6.85946
7.05825
7.24508
7.42044
7.58482
7.73873
7.8827
8.01722
8.14281
8.25996
8.36916
8.47087
8.56555
8.65364
8.73556
8.8117
8.88245
8.94818
9.00923
9.06592
9.11857
9.16747
9.21289
9.2551
9.29434
9.33083
9.3648
9.39645
9.42596
9.45353
9.47931
9.50346
9.52614
9.54748
9.56761
9.58665
9.60473
9.62194
9.6384
9.65419
9.66941
9.68415
9.69849
9.7125
9.72626
9.73984
0.0066455
0.000380098
1.60003e-05
8.50199e-08
-1.09343e-07
-3.03094e-08
-7.51552e-09
-1.74873e-09
-3.93137e-10
-8.59065e-11
-1.74598e-11
-2.36449e-12
9.3068e-13
1.63996e-12
1.79154e-12
1.82955e-12
1.92211e-12
3.65135e-12
3.13267e-11
4.11321e-10
4.89484e-09
5.04089e-08
4.48178e-07
3.44143e-06
2.28252e-05
0.000130713
0.000645846
0.00275061
0.0100874
0.0318306
0.086406
0.201973
0.407682
0.714616
1.09808
1.4999
1.8996
2.29475
2.68325
3.06331
3.43342
3.79235
4.13913
4.47301
4.79345
5.1001
5.39277
5.67139
5.93603
6.18687
6.42416
6.64821
6.85943
7.05822
7.24506
7.42041
7.5848
7.73872
7.88268
8.01721
8.1428
8.25995
8.36915
8.47086
8.56555
8.65364
8.73555
8.81169
8.88245
8.94818
9.00922
9.06592
9.11857
9.16747
9.21289
9.2551
9.29433
9.33083
9.3648
9.39645
9.42596
9.45353
9.47931
9.50346
9.52614
9.54748
9.56761
9.58665
9.60473
9.62194
9.6384
9.65419
9.66941
9.68415
9.69849
9.7125
9.72626
9.73984
0.0108662
0.000683556
3.58585e-05
1.04611e-06
-6.83612e-08
-2.99671e-08
-9.39709e-09
-2.78544e-09
-7.5618e-10
-1.8144e-10
-2.57821e-11
1.52544e-11
2.58767e-11
2.85909e-11
2.92855e-11
2.94834e-11
2.95952e-11
3.13301e-11
5.90137e-11
4.39055e-10
4.923e-09
5.04398e-08
4.48204e-07
3.44069e-06
2.28134e-05
0.000130608
0.000645189
0.00274746
0.0100756
0.0317955
0.0863224
0.201813
0.407437
0.714309
1.09776
1.4996
1.89932
2.29449
2.68302
3.06309
3.43322
3.79217
4.13896
4.47286
4.79332
5.09999
5.39266
5.67129
5.93595
6.1868
6.42409
6.64816
6.85938
7.05818
7.24502
7.42038
7.58477
7.73869
7.88266
8.01719
8.14278
8.25994
8.36914
8.47085
8.56554
8.65363
8.73554
8.81169
8.88244
8.94817
9.00922
9.06591
9.11856
9.16746
9.21289
9.2551
9.29433
9.33083
9.3648
9.39645
9.42596
9.45353
9.47931
9.50346
9.52614
9.54748
9.56761
9.58665
9.60473
9.62194
9.6384
9.65419
9.66941
9.68415
9.69849
9.7125
9.72626
9.73984
0.0169315
0.0011583
7.13162e-05
3.08254e-06
4.41798e-08
-1.93501e-08
-6.99792e-09
-2.59225e-09
-6.57187e-10
5.58449e-11
2.97093e-10
3.74613e-10
3.98692e-10
4.06062e-10
4.0838e-10
4.09198e-10
4.09571e-10
4.11377e-10
4.39109e-10
8.19158e-10
5.30305e-09
5.08194e-08
4.48571e-07
3.44078e-06
2.28077e-05
0.000130539
0.000644685
0.00274481
0.0100649
0.0317614
0.0862369
0.201642
0.407163
0.713955
1.09738
1.49924
1.89898
2.29417
2.68272
3.06281
3.43296
3.79193
4.13875
4.47267
4.79314
5.09983
5.39252
5.67116
5.93583
6.18669
6.424
6.64807
6.8593
7.05811
7.24496
7.42033
7.58472
7.73865
7.88263
8.01716
8.14276
8.25991
8.36912
8.47083
8.56552
8.65361
8.73553
8.81168
8.88243
8.94816
9.00921
9.06591
9.11856
9.16746
9.21288
9.25509
9.29433
9.33083
9.3648
9.39644
9.42596
9.45353
9.47931
9.50346
9.52614
9.54748
9.56761
9.58665
9.60473
9.62194
9.6384
9.65419
9.66941
9.68415
9.69849
9.7125
9.72626
9.73984
0.0253068
0.00187077
0.000130555
7.01201e-06
2.94112e-07
5.6528e-09
1.21863e-09
2.89642e-09
4.00364e-09
4.54205e-09
4.76682e-09
4.8504e-09
4.87811e-09
4.88648e-09
4.88942e-09
4.89132e-09
4.8931e-09
4.89562e-09
4.92379e-09
5.30379e-09
9.78612e-09
5.52934e-08
4.52987e-07
3.44477e-06
2.28081e-05
0.000130502
0.000644333
0.0027427
0.0100556
0.0317299
0.086153
0.201466
0.406869
0.713561
1.09694
1.49882
1.89858
2.29379
2.68235
3.06247
3.43264
3.79164
4.13848
4.47242
4.79291
5.09962
5.39233
5.67099
5.93568
6.18655
6.42387
6.64796
6.8592
7.05802
7.24488
7.42026
7.58466
7.73859
7.88258
8.01711
8.14272
8.25988
8.36909
8.47081
8.5655
8.65359
8.73551
8.81166
8.88242
8.94815
9.0092
9.0659
9.11855
9.16745
9.21288
9.25509
9.29432
9.33082
9.36479
9.39644
9.42596
9.45352
9.47931
9.50346
9.52614
9.54748
9.56761
9.58665
9.60472
9.62194
9.63839
9.65419
9.66941
9.68415
9.69849
9.7125
9.72626
9.73984
0.0364695
0.00290413
0.000223931
1.40104e-05
7.89162e-07
5.0812e-08
4.9944e-08
5.02741e-08
5.05597e-08
5.06916e-08
5.06959e-08
5.06326e-08
5.05512e-08
5.04817e-08
5.04365e-08
5.04157e-08
5.04121e-08
5.04183e-08
5.04493e-08
5.08289e-08
5.53022e-08
1.00768e-07
4.98267e-07
3.48903e-06
2.28468e-05
0.000130509
0.000644136
0.00274116
0.010048
0.0317022
0.0860742
0.201291
0.406565
0.713139
1.09646
1.49835
1.89812
2.29335
2.68193
3.06207
3.43227
3.79128
4.13815
4.47211
4.79263
5.09935
5.39208
5.67077
5.93547
6.18637
6.4237
6.64781
6.85906
7.0579
7.24477
7.42016
7.58457
7.73851
7.8825
8.01705
8.14266
8.25983
8.36904
8.47077
8.56546
8.65356
8.73549
8.81164
8.8824
8.94813
9.00918
9.06588
9.11854
9.16744
9.21287
9.25508
9.29432
9.33081
9.36479
9.39644
9.42595
9.45352
9.4793
9.50346
9.52614
9.54747
9.5676
9.58665
9.60472
9.62194
9.63839
9.65419
9.66941
9.68415
9.69849
9.7125
9.72626
9.73984
0.0508793
0.00435941
0.000363398
2.55019e-05
1.67227e-06
4.65998e-07
4.54383e-07
4.5425e-07
4.53912e-07
4.53291e-07
4.5243e-07
4.51441e-07
4.50462e-07
4.49614e-07
4.48972e-07
4.48561e-07
4.48347e-07
4.48275e-07
4.48303e-07
4.4867e-07
4.53086e-07
4.98357e-07
8.9514e-07
3.88297e-06
2.32281e-05
0.000130836
0.000644232
0.00274027
0.0100423
0.0316787
0.0860031
0.201125
0.40626
0.712699
1.09595
1.49784
1.89762
2.29286
2.68146
3.06162
3.43183
3.79087
4.13775
4.47174
4.79229
5.09903
5.39179
5.6705
5.93522
6.18614
6.42349
6.64762
6.85889
7.05774
7.24462
7.42003
7.58445
7.73841
7.88241
8.01697
8.14258
8.25976
8.36898
8.47071
8.56541
8.65352
8.73545
8.8116
8.88237
8.9481
9.00916
9.06586
9.11852
9.16742
9.21285
9.25506
9.2943
9.3308
9.36478
9.39643
9.42595
9.45351
9.4793
9.50345
9.52613
9.54747
9.5676
9.58665
9.60472
9.62194
9.63839
9.65419
9.66941
9.68415
9.69849
9.7125
9.72626
9.73984
0.0689469
0.00635318
0.000561293
4.28701e-05
3.60961e-06
3.50451e-06
3.49103e-06
3.48993e-06
3.48757e-06
3.48355e-06
3.47797e-06
3.47127e-06
3.46414e-06
3.45734e-06
3.4515e-06
3.44703e-06
3.44403e-06
3.44231e-06
3.44158e-06
3.44168e-06
3.44567e-06
3.48992e-06
3.88377e-06
6.86164e-06
2.61709e-05
0.000133652
0.000646616
0.00274126
0.0100389
0.0316604
0.0859414
0.20097
0.405963
0.712254
1.09542
1.49731
1.89709
2.29233
2.68094
3.06111
3.43134
3.7904
4.13731
4.47132
4.79189
5.09866
5.39144
5.67017
5.93492
6.18585
6.42323
6.64738
6.85867
7.05754
7.24444
7.41986
7.5843
7.73827
7.88229
8.01685
8.14248
8.25967
8.3689
8.47064
8.56535
8.65346
8.73539
8.81155
8.88232
8.94807
9.00913
9.06583
9.11849
9.1674
9.21283
9.25505
9.29429
9.33079
9.36476
9.39642
9.42594
9.45351
9.47929
9.50345
9.52613
9.54746
9.5676
9.58664
9.60472
9.62193
9.63839
9.65419
9.66941
9.68415
9.69849
9.7125
9.72626
9.73984
0.0910067
0.00900786
0.000828802
6.69341e-05
2.34528e-05
2.31328e-05
2.31326e-05
2.31303e-05
2.31209e-05
2.31022e-05
2.30742e-05
2.30381e-05
2.29967e-05
2.29539e-05
2.29135e-05
2.28786e-05
2.28514e-05
2.28323e-05
2.28204e-05
2.28147e-05
2.28151e-05
2.28537e-05
2.3235e-05
2.61769e-05
4.53709e-05
0.000152484
0.000664358
0.00275604
0.0100464
0.0316508
0.0858922
0.200833
0.405683
0.711816
1.09488
1.49675
1.89653
2.29178
2.68039
3.06057
3.43081
3.78989
4.13681
4.47084
4.79143
5.09823
5.39103
5.66979
5.93456
6.18552
6.42292
6.64709
6.85841
7.05729
7.24422
7.41966
7.58411
7.7381
7.88213
8.01671
8.14235
8.25955
8.36879
8.47054
8.56526
8.65338
8.73532
8.81149
8.88227
8.94802
9.00908
9.06579
9.11846
9.16737
9.2128
9.25502
9.29427
9.33077
9.36475
9.3964
9.42592
9.45349
9.47928
9.50344
9.52612
9.54746
9.56759
9.58664
9.60471
9.62193
9.63839
9.65418
9.66941
9.68415
9.69849
9.7125
9.72626
9.73983
0.1173
0.0124315
0.00117478
0.000144307
0.000132812
0.000132292
0.000132308
0.000132312
0.000132285
0.000132215
0.000132099
0.000131938
0.000131741
0.000131523
0.0001313
0.000131091
0.000130909
0.000130764
0.000130657
0.000130587
0.00013055
0.000130556
0.000130883
0.000133697
0.000152523
0.000258522
0.000767236
0.00285095
0.0101236
0.0316938
0.0858756
0.200723
0.405429
0.711395
1.09434
1.4962
1.89596
2.2912
2.67982
3.06
3.43025
3.78933
4.13628
4.47032
4.79093
5.09775
5.39058
5.66936
5.93415
6.18514
6.42257
6.64676
6.8581
7.05701
7.24395
7.41941
7.58389
7.73789
7.88194
8.01654
8.1422
8.25941
8.36866
8.47042
8.56515
8.65328
8.73523
8.81141
8.88219
8.94795
9.00902
9.06574
9.11841
9.16732
9.21276
9.25499
9.29423
9.33074
9.36472
9.39638
9.4259
9.45348
9.47926
9.50342
9.52611
9.54745
9.56758
9.58663
9.60471
9.62192
9.63838
9.65418
9.6694
9.68415
9.69848
9.7125
9.72626
9.73983
0.147975
0.016688
0.00160462
0.000663606
0.000652853
0.00065271
0.000652779
0.000652853
0.000652822
0.000652619
0.000652222
0.000651627
0.000650852
0.000649938
0.000648944
0.000647941
0.000646997
0.000646168
0.000645491
0.000644975
0.000644614
0.000644414
0.000644507
0.000646887
0.000664619
0.000767453
0.00126723
0.00332842
0.0105522
0.0320324
0.0860743
0.200737
0.40524
0.71101
1.09382
1.49565
1.8954
2.29063
2.67923
3.05941
3.42967
3.78876
4.13571
4.46977
4.7904
5.09723
5.39008
5.66888
5.9337
6.18471
6.42216
6.64638
6.85774
7.05667
7.24364
7.41912
7.58362
7.73765
7.88171
8.01633
8.142
8.25923
8.3685
8.47028
8.56502
8.65316
8.73512
8.81131
8.8821
8.94787
9.00895
9.06567
9.11835
9.16727
9.21271
9.25494
9.29419
9.3307
9.36469
9.39635
9.42588
9.45345
9.47924
9.50341
9.52609
9.54743
9.56757
9.58662
9.6047
9.62192
9.63838
9.65417
9.6694
9.68414
9.69848
9.7125
9.72626
9.73983
0.183102
0.021764
0.00318083
0.00278838
0.00277536
0.00277561
0.00277596
0.00277635
0.00277652
0.00277612
0.00277503
0.00277321
0.00277068
0.00276752
0.00276389
0.00275999
0.00275608
0.00275238
0.00274909
0.00274635
0.00274417
0.00274259
0.00274167
0.00274263
0.00275738
0.00285222
0.00332945
0.00533214
0.0124249
0.0336588
0.0873184
0.201498
0.40551
0.710885
1.09345
1.49521
1.8949
2.29009
2.67867
3.05883
3.42908
3.78817
4.13512
4.46919
4.78983
5.09668
5.38954
5.66836
5.93321
6.18424
6.42171
6.64595
6.85734
7.0563
7.24328
7.41879
7.58331
7.73736
7.88144
8.01608
8.14177
8.25902
8.3683
8.4701
8.56485
8.65301
8.73499
8.81118
8.88199
8.94776
9.00885
9.06558
9.11827
9.1672
9.21265
9.25488
9.29414
9.33066
9.36465
9.39631
9.42584
9.45342
9.47922
9.50338
9.52607
9.54741
9.56755
9.5866
9.60469
9.62191
9.63837
9.65417
9.66939
9.68414
9.69848
9.71249
9.72625
9.73983
0.222702
0.0275405
0.0104257
0.0101689
0.0101626
0.0101639
0.0101654
0.0101669
0.0101683
0.0101681
0.0101659
0.0101613
0.0101545
0.0101455
0.0101345
0.0101221
0.010109
0.0100959
0.0100833
0.010072
0.0100623
0.0100544
0.0100484
0.010045
0.0100523
0.0101293
0.0105575
0.012429
0.0192132
0.0398353
0.0924972
0.205365
0.408013
0.712293
1.09418
1.4956
1.89503
2.29001
2.67843
3.05848
3.42864
3.78767
4.13459
4.46864
4.78927
5.09612
5.38899
5.66782
5.93268
6.18373
6.42123
6.64549
6.8569
7.05588
7.24289
7.41842
7.58296
7.73703
7.88114
8.0158
8.14151
8.25878
8.36808
8.46989
8.56466
8.65283
8.73482
8.81103
8.88185
8.94764
9.00874
9.06548
9.11817
9.16711
9.21257
9.25481
9.29408
9.3306
9.36459
9.39626
9.4258
9.45338
9.47918
9.50335
9.52604
9.54739
9.56753
9.58658
9.60467
9.62189
9.63835
9.65416
9.66939
9.68413
9.69847
9.71249
9.72625
9.73983
0.26678
0.0405439
0.0322542
0.0320215
0.0320226
0.0320277
0.0320329
0.0320381
0.0320438
0.0320462
0.0320433
0.0320344
0.0320193
0.0319979
0.0319706
0.0319384
0.0319025
0.0318646
0.0318265
0.03179
0.0317565
0.0317271
0.0317024
0.0316832
0.031673
0.0317153
0.0320529
0.0336774
0.0398493
0.0591774
0.10958
0.219262
0.418359
0.719581
1.09944
1.49969
1.89815
2.29235
2.68013
3.05966
3.42941
3.78812
4.13478
4.46863
4.78911
5.09585
5.38864
5.66742
5.93224
6.18327
6.42076
6.64502
6.85644
7.05543
7.24246
7.41801
7.58258
7.73667
7.8808
8.01548
8.14121
8.2585
8.36782
8.46965
8.56444
8.65262
8.73463
8.81086
8.88169
8.94749
9.0086
9.06535
9.11806
9.167
9.21247
9.25472
9.29399
9.33052
9.36453
9.3962
9.42574
9.45333
9.47914
9.50331
9.526
9.54736
9.5675
9.58656
9.60465
9.62187
9.63834
9.65414
9.66937
9.68412
9.69847
9.71248
9.72625
9.73983
0.315304
0.0915587
0.086951
0.0868069
0.0868196
0.0868352
0.0868509
0.0868666
0.0868824
0.0868959
0.0868969
0.0868844
0.0868575
0.086816
0.08676
0.0866908
0.0866104
0.0865218
0.0864285
0.0863344
0.0862432
0.0861583
0.086082
0.0860161
0.0859639
0.0859448
0.0861406
0.0873809
0.092553
0.10962
0.155769
0.25895
0.450162
0.743972
1.11848
1.51549
1.91118
2.30301
2.6888
3.06666
3.435
3.79254
4.13824
4.4713
4.79113
5.09735
5.38972
5.66815
5.93271
6.18353
6.42085
6.64499
6.85631
7.05523
7.24221
7.41773
7.58227
7.73635
7.88048
8.01516
8.1409
8.2582
8.36753
8.46938
8.56418
8.65239
8.73441
8.81065
8.8815
8.94731
9.00844
9.0652
9.11792
9.16688
9.21236
9.25461
9.2939
9.33043
9.36444
9.39613
9.42568
9.45327
9.47908
9.50326
9.52596
9.54732
9.56747
9.58653
9.60462
9.62185
9.63832
9.65412
9.66936
9.68411
9.69846
9.71248
9.72624
9.73983
0.368201
0.206057
0.202749
0.202692
0.20273
0.20277
0.20281
0.20285
0.202891
0.202931
0.202948
0.20294
0.202903
0.202838
0.202744
0.202621
0.202473
0.202304
0.202118
0.201923
0.201726
0.201532
0.201349
0.201181
0.201033
0.200914
0.20092
0.201671
0.205526
0.219401
0.259044
0.351397
0.528224
0.807173
1.17
1.55969
1.94893
2.33512
2.71599
3.08959
3.45426
3.80865
4.15166
4.48243
4.80032
5.1049
5.39588
5.67317
5.93676
6.18677
6.42343
6.64702
6.85789
7.05644
7.24312
7.41839
7.58274
7.73666
7.88067
8.01525
8.14092
8.25816
8.36745
8.46926
8.56404
8.65223
8.73424
8.81048
8.88133
8.94714
9.00827
9.06504
9.11777
9.16674
9.21222
9.25449
9.29378
9.33033
9.36434
9.39604
9.42559
9.4532
9.47901
9.5032
9.5259
9.54727
9.56742
9.58649
9.60458
9.62182
9.63829
9.6541
9.66934
9.68409
9.69844
9.71247
9.72624
9.73982
0.509015
0.411232
0.408768
0.408791
0.408876
0.408963
0.40905
0.409136
0.409223
0.409313
0.40937
0.409385
0.409352
0.409271
0.40914
0.408961
0.408736
0.408469
0.408168
0.407841
0.407497
0.407147
0.406801
0.406469
0.406158
0.405877
0.405666
0.405914
0.408392
0.418704
0.45045
0.528409
0.684149
0.938912
1.28079
1.65693
2.03395
2.40919
2.78029
3.14524
3.50228
3.84997
4.18711
4.51277
4.82622
5.12695
5.41462
5.68905
5.95018
6.19809
6.43295
6.655
6.86457
7.06201
7.24775
7.42223
7.58591
7.73927
7.8828
8.01699
8.14232
8.25928
8.36835
8.46997
8.56459
8.65265
8.73456
8.81072
8.88149
8.94725
9.00834
9.06507
9.11777
9.16671
9.21219
9.25444
9.29372
9.33026
9.36428
9.39597
9.42553
9.45313
9.47894
9.50313
9.52584
9.54721
9.56737
9.58644
9.60454
9.62177
9.63825
9.65407
9.66931
9.68407
9.69842
9.71245
9.72623
9.73982
0.775379
0.717422
0.716004
0.716112
0.716269
0.716426
0.716584
0.716741
0.716899
0.717063
0.717187
0.717251
0.717247
0.717171
0.717023
0.716804
0.716517
0.716168
0.715762
0.71531
0.714822
0.714312
0.713791
0.713272
0.712768
0.712287
0.711852
0.711681
0.713042
0.720272
0.744585
0.807663
0.939206
1.1627
1.47378
1.82863
2.18636
2.5441
2.89941
3.25016
3.59448
3.93081
4.25785
4.57455
4.88008
5.17383
5.45535
5.72437
5.98078
6.22455
6.4558
6.67471
6.88153
7.0766
7.26028
7.43297
7.5951
7.74713
7.88951
8.02271
8.14719
8.26342
8.37185
8.47294
8.5671
8.65477
8.73635
8.81221
8.88274
8.9483
9.00921
9.0658
9.11837
9.16721
9.21259
9.25477
9.29399
9.33048
9.36445
9.3961
9.42563
9.4532
9.479
9.50317
9.52587
9.54722
9.56737
9.58644
9.60453
9.62177
9.63824
9.65406
9.6693
9.68406
9.69841
9.71245
9.72622
9.73982
1.14767
1.10026
1.09969
1.09989
1.10013
1.10037
1.10061
1.10085
1.10109
1.10134
1.10155
1.10169
1.10174
1.10169
1.10155
1.10132
1.10101
1.10061
1.10015
1.09962
1.09904
1.09842
1.09777
1.09712
1.09647
1.09583
1.09521
1.09477
1.09542
1.10059
1.11952
1.17089
1.28146
1.47415
1.74884
2.07264
2.40334
2.73717
3.07117
3.40285
3.73011
4.05116
4.36453
4.66901
4.96363
5.24765
5.52051
5.78184
6.0314
6.26912
6.49499
6.70915
6.91178
7.10314
7.28354
7.45334
7.61293
7.76271
7.90312
8.03458
8.15753
8.27243
8.37969
8.47975
8.57302
8.65991
8.7408
8.81607
8.88609
8.95119
9.01171
9.06795
9.12023
9.16881
9.21397
9.25595
9.29501
9.33135
9.36519
9.39674
9.42617
9.45366
9.47939
9.5035
9.52614
9.54746
9.56757
9.5866
9.60466
9.62187
9.63833
9.65412
9.66935
9.6841
9.69844
9.71246
9.72623
9.73982
1.5617
1.50204
1.50163
1.50191
1.50222
1.50253
1.50284
1.50315
1.50346
1.50378
1.50409
1.50429
1.5044
1.50439
1.50428
1.50407
1.50375
1.50335
1.50287
1.50231
1.5017
1.50104
1.50036
1.49965
1.49895
1.49826
1.4976
1.49705
1.49733
1.5013
1.51695
1.56098
1.65798
1.82937
2.07301
2.35607
2.655
2.96187
3.27223
3.58286
3.89122
4.19526
4.49331
4.78398
5.06617
5.33901
5.60184
5.85417
6.09568
6.32619
6.54563
6.75405
6.95157
7.13838
7.31474
7.48095
7.63735
7.78431
7.92222
8.05147
8.17246
8.28562
8.39135
8.49005
8.58211
8.66794
8.74788
8.82232
8.8916
8.95605
9.01599
9.07173
9.12355
9.17174
9.21654
9.25822
9.29699
9.33309
9.36672
9.39807
9.42734
9.45468
9.48028
9.50427
9.52681
9.54803
9.56805
9.58701
9.60501
9.62217
9.63857
9.65432
9.66951
9.68422
9.69853
9.71252
9.72627
9.73984
1.96573
1.90177
1.90145
1.9018
1.90217
1.90255
1.90293
1.90331
1.90369
1.90408
1.90447
1.90475
1.90491
1.90495
1.90486
1.90467
1.90436
1.90396
1.90346
1.90289
1.90225
1.90156
1.90083
1.90009
1.89934
1.8986
1.89789
1.89725
1.89724
1.90021
1.91306
1.95061
2.03536
2.18745
2.40407
2.65535
2.92462
3.20489
3.49139
3.78045
4.06926
4.35555
4.63747
4.91349
5.1824
5.44321
5.69516
5.93766
6.17031
6.39284
6.60512
6.8071
6.99884
7.18049
7.35222
7.5143
7.66702
7.81069
7.94566
8.07229
8.19097
8.30205
8.40594
8.503
8.59361
8.67813
8.75693
8.83035
8.89872
8.96236
9.02158
9.07668
9.12794
9.17562
9.21998
9.26125
9.29968
9.33546
9.36881
9.39991
9.42895
9.4561
9.48152
9.50535
9.52775
9.54884
9.56876
9.58761
9.60552
9.6226
9.63893
9.65461
9.66974
9.68439
9.69866
9.71261
9.72632
9.73986
2.35952
2.29697
2.29673
2.29714
2.29758
2.29802
2.29847
2.29891
2.29936
2.29981
2.30028
2.30062
2.30083
2.30092
2.30087
2.30069
2.3004
2.29999
2.29949
2.2989
2.29825
2.29753
2.29677
2.29599
2.2952
2.29441
2.29365
2.29295
2.2927
2.29485
2.30531
2.33718
2.41096
2.54554
2.73824
2.96258
3.20524
3.46018
3.72317
3.99066
4.2597
4.5279
4.79325
5.05414
5.30923
5.55745
5.79794
6.03004
6.25326
6.46726
6.67182
6.86684
7.05231
7.22831
7.39497
7.5525
7.70112
7.84113
7.97282
8.09652
8.21257
8.32131
8.4231
8.51828
8.60722
8.69026
8.76773
8.83996
8.90727
8.96997
9.02835
9.0827
9.13329
9.18037
9.2242
9.265
9.303
9.3384
9.37141
9.40221
9.43098
9.45789
9.48309
9.50673
9.52895
9.54989
9.56966
9.58839
9.60619
9.62315
9.63939
9.65499
9.67004
9.68463
9.69884
9.71274
9.7264
9.7399
2.74377
2.68554
2.68534
2.68582
2.68632
2.68682
2.68733
2.68784
2.68835
2.68885
2.68938
2.68979
2.69006
2.69019
2.69018
2.69002
2.68974
2.68935
2.68884
2.68825
2.68757
2.68684
2.68605
2.68524
2.68441
2.68358
2.68278
2.68202
2.68158
2.68306
2.69149
2.71842
2.78241
2.90118
3.07257
3.27327
3.49207
3.72351
3.96404
4.21041
4.4598
4.70978
4.95834
5.20378
5.4447
5.67994
5.90856
6.12984
6.3432
6.54823
6.74465
6.93229
7.11109
7.28106
7.44228
7.5949
7.7391
7.87514
8.00326
8.12375
8.23692
8.34308
8.44255
8.53567
8.62275
8.70413
8.78011
8.85101
8.91713
8.97876
9.03619
9.08969
9.13952
9.18592
9.22914
9.2694
9.30691
9.34188
9.37449
9.40494
9.4334
9.46002
9.48497
9.50838
9.5304
9.55115
9.57075
9.58933
9.60699
9.62384
9.63996
9.65546
9.67042
9.68493
9.69906
9.71289
9.7265
9.73994
3.11842
3.06565
3.06551
3.06604
3.0666
3.06716
3.06772
3.06829
3.06885
3.06941
3.07
3.07046
3.07078
3.07096
3.07098
3.07086
3.0706
3.07021
3.06971
3.06911
3.06843
3.06767
3.06687
3.06603
3.06517
3.06431
3.06346
3.06265
3.06207
3.063
3.06973
3.09236
3.14769
3.25224
3.40456
3.58421
3.78145
3.99132
4.21073
4.43687
4.66713
4.89917
5.131
5.3609
5.58745
5.80944
6.02588
6.236
6.43916
6.63488
6.82282
7.00275
7.17455
7.33816
7.49363
7.64105
7.78056
7.91235
8.03665
8.15369
8.26376
8.36714
8.46411
8.55497
8.64004
8.7196
8.79395
8.86339
8.92821
8.98867
9.04505
9.0976
9.14659
9.19223
9.23477
9.27442
9.31138
9.34586
9.37803
9.40809
9.43619
9.46249
9.48714
9.5103
9.53208
9.55262
9.57203
9.59044
9.60794
9.62464
9.64064
9.65602
9.67088
9.68529
9.69933
9.71309
9.72662
9.74
3.48364
3.4358
3.43572
3.4363
3.43691
3.43752
3.43814
3.43875
3.43937
3.43998
3.44062
3.44113
3.4415
3.44172
3.44178
3.44168
3.44144
3.44107
3.44057
3.43998
3.43929
3.43853
3.43771
3.43685
3.43597
3.43508
3.4342
3.43334
3.43265
3.43314
3.43843
3.45737
3.50505
3.59686
3.73212
3.89287
4.07056
4.26066
4.46043
4.66743
4.87933
5.09395
5.30937
5.52392
5.73615
5.94484
6.14898
6.34774
6.54045
6.72658
6.90575
7.07769
7.2422
7.39919
7.54864
7.6906
7.82517
7.95249
8.07274
8.18614
8.29291
8.39331
8.48761
8.57606
8.65896
8.73657
8.80917
8.87703
8.94043
8.99961
9.05485
9.10638
9.15444
9.19925
9.24105
9.28002
9.31638
9.35032
9.38201
9.41162
9.43933
9.46527
9.48961
9.51247
9.53399
9.55429
9.57349
9.5917
9.60903
9.62557
9.64142
9.65667
9.6714
9.6857
9.69965
9.71331
9.72677
9.74007
3.83813
3.79476
3.79474
3.79537
3.79602
3.79668
3.79734
3.79801
3.79867
3.79933
3.8
3.80055
3.80097
3.80123
3.80133
3.80127
3.80105
3.80069
3.80021
3.79961
3.79893
3.79816
3.79734
3.79647
3.79556
3.79465
3.79374
3.79285
3.79206
3.7922
3.79631
3.81207
3.85302
3.93348
4.05345
4.19719
4.35713
4.52914
4.7107
4.89977
5.09424
5.29215
5.49167
5.69121
5.88935
6.08487
6.27674
6.46412
6.6463
6.82272
6.99296
7.15668
7.31368
7.4638
7.607
7.74328
7.87269
7.99532
8.11134
8.22089
8.3242
8.42146
8.51292
8.59882
8.67941
8.75494
8.82567
8.89185
8.95373
9.01155
9.06556
9.11598
9.16304
9.20696
9.24795
9.2862
9.3219
9.35525
9.38641
9.41554
9.44282
9.46837
9.49235
9.5149
9.53613
9.55617
9.57513
9.59312
9.61025
9.62661
9.6423
9.6574
9.672
9.68618
9.70002
9.71358
9.72694
9.74015
4.18088
4.14156
4.14161
4.14227
4.14296
4.14366
4.14437
4.14507
4.14577
4.14647
4.14717
4.14777
4.14823
4.14853
4.14866
4.14863
4.14844
4.1481
4.14763
4.14704
4.14636
4.1456
4.14477
4.14389
4.14297
4.14204
4.14111
4.14018
4.13934
4.13919
4.14231
4.15536
4.19043
4.26077
4.36707
4.49549
4.63931
4.79476
4.95953
5.13187
5.30994
5.49195
5.67623
5.86124
6.04565
6.22825
6.40803
6.58412
6.75581
6.92251
7.08375
7.23918
7.38855
7.53167
7.66845
7.79886
7.92292
8.04069
8.15228
8.25783
8.3575
8.45147
8.53996
8.62317
8.70132
8.77466
8.84341
8.9078
8.96806
9.02443
9.07713
9.12637
9.17237
9.21533
9.25545
9.29292
9.32792
9.36063
9.39122
9.41984
9.44664
9.47177
9.49537
9.51757
9.53848
9.55824
9.57694
9.5947
9.61161
9.62778
9.64329
9.65823
9.67268
9.68672
9.70043
9.71388
9.72713
9.74025
4.51111
4.47545
4.47556
4.47625
4.47698
4.47772
4.47845
4.47919
4.47993
4.48066
4.48139
4.48202
4.48251
4.48285
4.48302
4.48302
4.48285
4.48253
4.48208
4.48151
4.48083
4.48008
4.47925
4.47837
4.47745
4.4765
4.47555
4.4746
4.47371
4.47334
4.47565
4.48639
4.51633
4.57771
4.67178
4.7864
4.91558
5.0559
5.20522
5.36203
5.52474
5.69175
5.8615
6.0326
6.20374
6.37378
6.54174
6.70674
6.86806
7.02511
7.17739
7.32452
7.46623
7.60229
7.73258
7.85703
7.97562
8.08839
8.19542
8.29681
8.3927
8.48324
8.56862
8.64902
8.72462
8.79566
8.86232
8.92483
8.98339
9.03823
9.08953
9.13752
9.18239
9.22433
9.26353
9.30017
9.33443
9.36646
9.39643
9.4245
9.4508
9.47548
9.49866
9.52049
9.54106
9.56051
9.57893
9.59643
9.61311
9.62907
9.64438
9.65914
9.67343
9.68732
9.7009
9.71421
9.72734
9.74035
4.82824
4.7959
4.79606
4.79678
4.79754
4.7983
4.79907
4.79984
4.8006
4.80137
4.80211
4.80277
4.8033
4.80367
4.80387
4.8039
4.80376
4.80346
4.80303
4.80247
4.80181
4.80106
4.80024
4.79936
4.79843
4.79748
4.79652
4.79556
4.79462
4.79409
4.79573
4.80451
4.83
4.88344
4.96661
5.0688
5.1847
5.31121
5.44637
5.58881
5.73721
5.89012
6.04615
6.20398
6.36241
6.52035
6.67683
6.83102
6.98218
7.12973
7.27316
7.41206
7.54613
7.67513
7.7989
7.91734
8.03042
8.13813
8.24052
8.33767
8.42968
8.51669
8.59884
8.67631
8.74926
8.81788
8.88237
8.9429
8.99968
9.0529
9.10275
9.14942
9.1931
9.23396
9.27219
9.30795
9.34141
9.37272
9.40204
9.42951
9.45528
9.47948
9.50222
9.52365
9.54386
9.56297
9.58109
9.59832
9.61475
9.63048
9.64558
9.66015
9.67426
9.68799
9.70141
9.71458
9.72758
9.74047
5.13189
5.10254
5.10275
5.1035
5.10428
5.10506
5.10585
5.10664
5.10743
5.10822
5.10898
5.10966
5.11022
5.11062
5.11085
5.11091
5.1108
5.11053
5.11011
5.10957
5.10892
5.10818
5.10737
5.1065
5.10558
5.10463
5.10366
5.10269
5.10173
5.10106
5.10216
5.10929
5.13092
5.17737
5.25081
5.34183
5.44571
5.55963
5.68182
5.81101
5.94612
6.08586
6.22898
6.37425
6.52058
6.66691
6.81235
6.95606
7.09736
7.23562
7.37035
7.50114
7.62766
7.74965
7.86694
7.97938
8.08693
8.18955
8.28726
8.38011
8.46819
8.55161
8.63047
8.70494
8.77516
8.84129
8.90351
8.96198
9.0169
9.06843
9.11675
9.16204
9.20447
9.2442
9.2814
9.31623
9.34885
9.3794
9.40804
9.43489
9.46009
9.48377
9.50605
9.52705
9.54687
9.56564
9.58343
9.60037
9.61653
9.63201
9.64689
9.66125
9.67517
9.68872
9.70197
9.71499
9.72785
9.74059
5.42183
5.39519
5.39545
5.39621
5.39701
5.39781
5.39862
5.39942
5.40023
5.40104
5.40181
5.40251
5.40308
5.40351
5.40377
5.40386
5.40377
5.40353
5.40314
5.40262
5.40199
5.40126
5.40046
5.3996
5.39869
5.39774
5.39677
5.3958
5.39482
5.39406
5.39472
5.40046
5.41876
5.45905
5.52383
5.60482
5.69782
5.8003
5.91062
6.02765
6.15046
6.27794
6.40896
6.54242
6.67727
6.81256
6.94742
7.08106
7.21281
7.34206
7.46833
7.59118
7.71028
7.82537
7.93623
8.04273
8.14476
8.2423
8.33533
8.42387
8.50799
8.58777
8.6633
8.73472
8.80216
8.86575
8.92565
8.98202
9.03501
9.08479
9.13152
9.17537
9.21648
9.25503
9.29116
9.32502
9.35675
9.38651
9.41441
9.44061
9.46521
9.48835
9.51014
9.53069
9.5501
9.56849
9.58595
9.60257
9.61845
9.63367
9.6483
9.66244
9.67615
9.68951
9.70259
9.71544
9.72814
9.74073
5.69798
5.67379
5.67409
5.67487
5.67567
5.67648
5.6773
5.67812
5.67894
5.67976
5.68054
5.68125
5.68185
5.6823
5.68258
5.6827
5.68264
5.68242
5.68205
5.68155
5.68094
5.68023
5.67945
5.6786
5.6777
5.67676
5.6758
5.67482
5.67384
5.67301
5.67331
5.67789
5.69332
5.72821
5.78529
5.85729
5.94047
6.03256
6.13206
6.23794
6.34939
6.4655
6.58524
6.70761
6.83165
6.95647
7.08126
7.20527
7.32784
7.4484
7.56646
7.68159
7.79346
7.90178
8.00633
8.10696
8.20355
8.29605
8.38441
8.46865
8.54881
8.62494
8.69713
8.76548
8.8301
8.89111
8.94866
9.00288
9.05391
9.1019
9.147
9.18936
9.22912
9.26644
9.30145
9.33429
9.3651
9.39402
9.42117
9.44667
9.47065
9.49322
9.51449
9.53456
9.55355
9.57155
9.58864
9.60494
9.62051
9.63545
9.64983
9.66373
9.67722
9.69037
9.70325
9.71592
9.72845
9.74089
5.96038
5.93841
5.93874
5.93952
5.94033
5.94115
5.94198
5.94281
5.94364
5.94446
5.94524
5.94596
5.94657
5.94704
5.94735
5.94749
5.94746
5.94727
5.94692
5.94645
5.94586
5.94517
5.9444
5.94356
5.94268
5.94176
5.9408
5.93983
5.93885
5.93797
5.938
5.9416
5.95456
5.98472
6.03497
6.09892
6.17325
6.25591
6.34556
6.44125
6.54226
6.64785
6.7571
6.8691
6.98299
7.09794
7.21318
7.32802
7.44183
7.55405
7.6642
7.77187
7.87671
7.97843
8.07682
8.1717
8.26294
8.35046
8.43421
8.51419
8.5904
8.6629
8.73175
8.79702
8.85881
8.91723
8.9724
9.02444
9.07348
9.11966
9.1631
9.20394
9.24232
9.27837
9.31223
9.34403
9.37389
9.40194
9.4283
9.45308
9.4764
9.49838
9.5191
9.53868
9.55721
9.5748
9.59152
9.60746
9.62271
9.63735
9.65146
9.6651
9.67836
9.69129
9.70396
9.71644
9.72878
9.74105
6.20919
6.18921
6.18958
6.19036
6.19117
6.19199
6.19282
6.19366
6.19449
6.19531
6.1961
6.19682
6.19744
6.19793
6.19826
6.19842
6.19841
6.19825
6.19793
6.19747
6.1969
6.19624
6.19549
6.19467
6.1938
6.19289
6.19195
6.19099
6.19002
6.18911
6.18892
6.19171
6.20257
6.22858
6.27277
6.32953
6.39589
6.47002
6.55071
6.6371
6.72853
6.82441
6.92394
7.0263
7.1307
7.23637
7.3426
7.44875
7.55421
7.65846
7.76103
7.86151
7.95957
8.05491
8.14731
8.23658
8.32258
8.40523
8.48445
8.56022
8.63254
8.70143
8.76695
8.82916
8.88813
8.94396
8.99674
9.0466
9.09363
9.13797
9.17972
9.21903
9.256
9.29077
9.32346
9.35419
9.38307
9.41023
9.43577
9.45981
9.48245
9.50381
9.52396
9.54303
9.56109
9.57824
9.59456
9.61013
9.62505
9.63938
9.65319
9.66657
9.67957
9.69227
9.70472
9.717
9.72914
9.74123
6.44462
6.42646
6.42685
6.42763
6.42844
6.42926
6.43009
6.43092
6.43175
6.43256
6.43335
6.43408
6.43471
6.43521
6.43555
6.43574
6.43576
6.43561
6.43532
6.43489
6.43434
6.4337
6.43297
6.43217
6.43132
6.43043
6.42951
6.42856
6.42761
6.42668
6.42631
6.42843
6.43749
6.4599
6.49872
6.54905
6.60825
6.67467
6.74724
6.82515
6.90782
6.99477
7.08532
7.17872
7.27426
7.37125
7.46901
7.56696
7.66452
7.76118
7.85651
7.95012
8.04165
8.13084
8.21744
8.30127
8.38218
8.46006
8.53484
8.60649
8.67498
8.74032
8.80256
8.86173
8.91789
8.97114
9.02155
9.06921
9.11424
9.15673
9.19679
9.23455
9.2701
9.30357
9.33507
9.3647
9.39259
9.41884
9.44355
9.46682
9.48877
9.50948
9.52906
9.54759
9.56516
9.58185
9.59776
9.61295
9.62751
9.64152
9.65503
9.66812
9.68086
9.69331
9.70553
9.71759
9.72953
9.74141
6.66699
6.65047
6.65089
6.65166
6.65246
6.65328
6.6541
6.65492
6.65574
6.65656
6.65734
6.65807
6.6587
6.65921
6.65957
6.65977
6.65981
6.65969
6.65942
6.65902
6.6585
6.65787
6.65717
6.65639
6.65556
6.65469
6.65379
6.65286
6.65193
6.65099
6.6505
6.65207
6.65959
6.67885
6.71292
6.75752
6.81029
6.86977
6.93496
7.00517
7.07986
7.15861
7.24087
7.32598
7.41329
7.50217
7.592
7.68223
7.77232
7.86181
7.95026
8.03729
8.12259
8.20586
8.28688
8.36546
8.44143
8.51469
8.58516
8.65277
8.71751
8.77937
8.83837
8.89455
8.94795
8.99863
9.04668
9.09217
9.13519
9.17584
9.21421
9.25041
9.28454
9.3167
9.34699
9.37553
9.4024
9.42773
9.45159
9.47409
9.49532
9.51539
9.53436
9.55234
9.5694
9.58563
9.60111
9.61591
9.6301
9.64376
9.65696
9.66976
9.68222
9.69441
9.70639
9.71821
9.72993
9.74161
6.87667
6.86164
6.86207
6.86283
6.86362
6.86443
6.86524
6.86605
6.86687
6.86767
6.86845
6.86917
6.8698
6.87032
6.8707
6.87092
6.87098
6.87088
6.87064
6.87026
6.86976
6.86916
6.86847
6.86772
6.86691
6.86606
6.86518
6.86427
6.86337
6.86244
6.86184
6.86296
6.86918
6.8857
6.91558
6.95507
7.00208
7.05529
7.11383
7.17704
7.24445
7.31569
7.39033
7.46778
7.54747
7.6288
7.71122
7.79421
7.87729
7.95999
8.04192
8.12272
8.20206
8.27968
8.35535
8.42887
8.50009
8.56888
8.63515
8.69885
8.75994
8.81839
8.87423
8.92746
8.97814
9.0263
9.07202
9.11535
9.15639
9.19521
9.23189
9.26654
9.29924
9.33008
9.35918
9.3866
9.41246
9.43685
9.45986
9.48157
9.50208
9.52148
9.53984
9.55726
9.5738
9.58956
9.60459
9.61898
9.6328
9.64611
9.65897
9.67146
9.68364
9.69556
9.70728
9.71887
9.73036
9.74182
7.07407
7.06038
7.06082
7.06157
7.06235
7.06314
7.06394
7.06475
7.06555
7.06634
7.06711
7.06782
7.06845
7.06897
7.06936
7.06959
7.06967
7.0696
7.06938
7.06902
7.06855
7.06797
7.06731
7.06658
7.06579
7.06496
7.06412
7.06323
7.06235
7.06144
7.06077
7.06152
7.06663
7.08078
7.10695
7.1419
7.18375
7.23133
7.28384
7.34071
7.40151
7.46589
7.53353
7.60394
7.67656
7.75089
7.82641
7.90264
7.97912
8.05545
8.13122
8.20611
8.2798
8.35204
8.42259
8.49127
8.55791
8.62239
8.68462
8.74453
8.80207
8.85721
8.90996
8.96033
9.00833
9.05402
9.09745
9.13866
9.17773
9.21474
9.24975
9.28286
9.31414
9.34367
9.37156
9.39788
9.42272
9.44617
9.46831
9.48924
9.50902
9.52774
9.54549
9.56233
9.57835
9.59361
9.60819
9.62217
9.63559
9.64854
9.66107
9.67324
9.68512
9.69676
9.70822
9.71955
9.73081
9.74204
7.25962
7.24716
7.24761
7.24835
7.24911
7.24988
7.25067
7.25146
7.25225
7.25302
7.25378
7.25448
7.25511
7.25563
7.25602
7.25627
7.25637
7.25632
7.25612
7.25579
7.25534
7.25479
7.25415
7.25344
7.25268
7.25187
7.25105
7.25019
7.24934
7.24845
7.24773
7.24818
7.25236
7.26445
7.28735
7.31827
7.3555
7.39801
7.44509
7.49622
7.55101
7.60915
7.67039
7.7343
7.80041
7.86826
7.93736
8.00729
8.07761
8.14794
8.21793
8.28723
8.35557
8.4227
8.48838
8.55243
8.61469
8.67504
8.73338
8.78963
8.84374
8.89568
8.94543
8.993
9.03841
9.08168
9.12285
9.16198
9.19913
9.23435
9.26771
9.29929
9.32916
9.3574
9.38409
9.40931
9.43313
9.45564
9.47692
9.49705
9.51609
9.53414
9.55126
9.56752
9.58301
9.59778
9.6119
9.62545
9.63848
9.65105
9.66323
9.67508
9.68666
9.69801
9.70919
9.72026
9.73127
9.74227
7.43381
7.42246
7.42292
7.42363
7.42438
7.42513
7.4259
7.42668
7.42745
7.42821
7.42895
7.42964
7.43026
7.43078
7.43118
7.43144
7.43155
7.43152
7.43134
7.43104
7.43061
7.43009
7.42948
7.42879
7.42805
7.42726
7.42648
7.42564
7.42482
7.42395
7.42321
7.42342
7.42681
7.43711
7.45713
7.48447
7.51758
7.55555
7.59773
7.64366
7.693
7.74548
7.80085
7.85881
7.91893
7.98078
8.04394
8.108
8.17257
8.2373
8.30185
8.3659
8.42919
8.49147
8.55252
8.61217
8.67026
8.72666
8.78127
8.834
8.88481
8.93365
8.9805
9.02536
9.06823
9.10915
9.14813
9.18523
9.22048
9.25395
9.28569
9.31577
9.34425
9.37121
9.39671
9.42083
9.44364
9.46522
9.48564
9.50497
9.52328
9.54065
9.55714
9.57282
9.58777
9.60204
9.6157
9.62881
9.64143
9.65363
9.66546
9.67698
9.68824
9.6993
9.7102
9.721
9.73175
9.7425
7.59713
7.58678
7.58724
7.58794
7.58866
7.5894
7.59015
7.5909
7.59166
7.5924
7.59313
7.59381
7.59442
7.59493
7.59534
7.5956
7.59573
7.59572
7.59556
7.59528
7.59488
7.59438
7.59379
7.59313
7.59241
7.59165
7.59089
7.59008
7.5893
7.58846
7.5877
7.58772
7.59044
7.59921
7.61668
7.64085
7.67028
7.70417
7.74194
7.78319
7.82759
7.87491
7.92494
7.97745
8.03206
8.08838
8.14604
8.20466
8.26389
8.32338
8.38284
8.44196
8.50049
8.5582
8.61488
8.67035
8.72446
8.77709
8.82813
8.8775
8.92513
8.97099
9.01504
9.05728
9.09771
9.13634
9.1732
9.20831
9.24172
9.27347
9.30362
9.33223
9.35934
9.38504
9.40937
9.43241
9.45422
9.47487
9.49443
9.51297
9.53055
9.54724
9.5631
9.5782
9.5926
9.60637
9.61956
9.63224
9.64446
9.65628
9.66775
9.67893
9.68987
9.70062
9.71124
9.72176
9.73225
9.74275
7.75007
7.74064
7.7411
7.74178
7.74248
7.74319
7.74392
7.74466
7.74539
7.74611
7.74682
7.74748
7.74809
7.7486
7.749
7.74928
7.74941
7.74942
7.74928
7.74902
7.74865
7.74817
7.74761
7.74697
7.74628
7.74554
7.74481
7.74403
7.74328
7.74248
7.74171
7.74158
7.74375
7.75119
7.76642
7.78777
7.81393
7.84416
7.87796
7.91498
7.95492
7.99757
8.04274
8.09026
8.13981
8.19105
8.24363
8.29721
8.35147
8.40609
8.46079
8.51529
8.56936
8.62276
8.67531
8.72683
8.77717
8.82621
8.87385
8.92
8.9646
9.0076
9.04896
9.08868
9.12675
9.16317
9.19796
9.23114
9.26276
9.29284
9.32144
9.34861
9.37438
9.39884
9.42202
9.44399
9.46481
9.48455
9.50326
9.52102
9.53787
9.55388
9.56912
9.58364
9.5975
9.61077
9.62349
9.63573
9.64753
9.65897
9.67007
9.68091
9.69153
9.70197
9.7123
9.72254
9.73276
9.743
7.89314
7.88454
7.885
7.88565
7.88633
7.88703
7.88773
7.88845
7.88916
7.88986
7.89055
7.8912
7.89178
7.89229
7.89269
7.89297
7.89312
7.89314
7.89302
7.89279
7.89243
7.89198
7.89145
7.89084
7.89017
7.88945
7.88875
7.888
7.88729
7.88652
7.88575
7.88551
7.88721
7.89351
7.90676
7.92563
7.94886
7.97582
8.00606
8.03926
8.07517
8.11359
8.15435
8.19731
8.24223
8.2888
8.3367
8.38563
8.43528
8.48537
8.53563
8.58582
8.6357
8.68506
8.73371
8.7815
8.82828
8.87392
8.91833
8.96142
9.00312
9.04338
9.08217
9.11946
9.15525
9.18954
9.22233
9.25366
9.28353
9.312
9.33909
9.36484
9.38932
9.41256
9.43461
9.45554
9.47539
9.49423
9.5121
9.52908
9.54521
9.56056
9.57517
9.58912
9.60244
9.6152
9.62746
9.63925
9.65065
9.66169
9.67244
9.68293
9.69322
9.70335
9.71338
9.72334
9.73328
9.74325
8.02685
8.01901
8.01946
8.02009
8.02074
8.02141
8.0221
8.02279
8.02348
8.02416
8.02482
8.02545
8.02603
8.02653
8.02693
8.02721
8.02737
8.0274
8.0273
8.02709
8.02676
8.02633
8.02582
8.02523
8.02459
8.0239
8.02323
8.02251
8.02183
8.02109
8.02034
8.02001
8.02132
8.02663
8.03816
8.05482
8.07544
8.09948
8.12652
8.15629
8.18856
8.22314
8.2599
8.29871
8.3394
8.38168
8.42528
8.46991
8.5153
8.56119
8.60733
8.65349
8.69945
8.74502
8.79003
8.8343
8.87771
8.92014
8.96148
9.00166
9.0406
9.07825
9.11457
9.14955
9.18315
9.21539
9.24627
9.27579
9.30399
9.33088
9.3565
9.3809
9.4041
9.42615
9.44711
9.46701
9.48591
9.50386
9.52092
9.53713
9.55256
9.56724
9.58124
9.59461
9.6074
9.61966
9.63145
9.64281
9.65379
9.66445
9.67483
9.68497
9.69493
9.70475
9.71448
9.72415
9.73382
9.74352
8.15168
8.14453
8.14498
8.14558
8.14621
8.14686
8.14752
8.14819
8.14885
8.14951
8.15016
8.15077
8.15133
8.15181
8.15221
8.1525
8.15266
8.15271
8.15263
8.15243
8.15212
8.15172
8.15123
8.15067
8.15005
8.14938
8.14875
8.14806
8.14741
8.14671
8.14598
8.14557
8.14657
8.15104
8.16105
8.17575
8.19406
8.21548
8.23965
8.26633
8.29531
8.32643
8.35956
8.3946
8.43142
8.46978
8.50942
8.55009
8.59155
8.63355
8.67586
8.71828
8.76059
8.80261
8.84419
8.88516
8.9254
8.96479
9.00324
9.04065
9.07697
9.11214
9.14612
9.17887
9.21039
9.24066
9.26969
9.29749
9.32406
9.34944
9.37364
9.39671
9.41868
9.43958
9.45947
9.47837
9.49635
9.51343
9.52969
9.54515
9.55987
9.57391
9.5873
9.60011
9.61237
9.62414
9.63546
9.64638
9.65696
9.66723
9.67724
9.68704
9.69666
9.70617
9.71559
9.72497
9.73435
9.74378
8.26814
8.26162
8.26205
8.26264
8.26324
8.26386
8.2645
8.26514
8.26578
8.26642
8.26704
8.26763
8.26818
8.26866
8.26904
8.26933
8.26951
8.26956
8.2695
8.26932
8.26904
8.26866
8.26819
8.26766
8.26706
8.26642
8.26581
8.26515
8.26453
8.26386
8.26316
8.26271
8.26343
8.26718
8.27586
8.28884
8.30508
8.32416
8.34577
8.36967
8.39568
8.42367
8.45353
8.48514
8.51843
8.5532
8.58921
8.62624
8.66407
8.70248
8.74124
8.78017
8.81909
8.8578
8.89617
8.93405
8.97131
9.00784
9.04355
9.07836
9.11219
9.145
9.17674
9.20738
9.23691
9.2653
9.29256
9.31869
9.34371
9.36763
9.39047
9.41226
9.43303
9.45282
9.47166
9.48959
9.50666
9.52291
9.53837
9.5531
9.56714
9.58054
9.59334
9.60559
9.61732
9.6286
9.63947
9.64996
9.66013
9.67001
9.67966
9.68911
9.69841
9.70759
9.71671
9.7258
9.7349
9.74405
8.3767
8.37075
8.37118
8.37173
8.37231
8.37291
8.37352
8.37414
8.37476
8.37537
8.37597
8.37654
8.37707
8.37753
8.37792
8.3782
8.37838
8.37845
8.3784
8.37824
8.37798
8.37762
8.37718
8.37667
8.3761
8.37548
8.3749
8.37427
8.37368
8.37305
8.37237
8.37189
8.37239
8.37553
8.38304
8.39449
8.4089
8.42589
8.44519
8.46659
8.48994
8.51511
8.54199
8.57051
8.60058
8.63207
8.66476
8.69845
8.73294
8.76802
8.8035
8.83921
8.87496
8.91059
8.94596
8.98094
9.01541
9.04925
9.08239
9.11473
9.14622
9.17679
9.20641
9.23504
9.26266
9.28926
9.31483
9.33937
9.36289
9.38541
9.40693
9.42749
9.44711
9.46582
9.48365
9.50065
9.51683
9.53226
9.54696
9.56097
9.57434
9.58712
9.59933
9.61103
9.62226
9.63305
9.64346
9.65353
9.66329
9.6728
9.68208
9.69119
9.70015
9.70903
9.71784
9.72663
9.73545
9.74432
8.47783
8.4724
8.47281
8.47334
8.4739
8.47447
8.47506
8.47565
8.47625
8.47684
8.47741
8.47796
8.47847
8.47892
8.4793
8.47958
8.47977
8.47984
8.47981
8.47966
8.47942
8.47909
8.47867
8.47818
8.47764
8.47704
8.47649
8.47589
8.47533
8.47473
8.47408
8.47358
8.47391
8.47651
8.48301
8.4931
8.50588
8.52101
8.53825
8.55741
8.57835
8.60097
8.62517
8.65088
8.67803
8.70653
8.73618
8.7668
8.79822
8.83024
8.86269
8.8954
8.92822
8.96099
8.99357
9.02584
9.05769
9.08901
9.11972
9.14975
9.17901
9.20747
9.23508
9.26181
9.28762
9.31252
9.33647
9.35949
9.38158
9.40275
9.42301
9.44238
9.46089
9.47856
9.49542
9.5115
9.52684
9.54146
9.55542
9.56874
9.58146
9.59362
9.60526
9.61642
9.62715
9.63747
9.64744
9.65708
9.66645
9.67557
9.6845
9.69326
9.7019
9.71046
9.71897
9.72747
9.736
9.7446
8.57197
8.56702
8.56742
8.56793
8.56846
8.569
8.56957
8.57013
8.5707
8.57127
8.57182
8.57235
8.57284
8.57328
8.57365
8.57393
8.57412
8.5742
8.57417
8.57405
8.57382
8.57351
8.57312
8.57266
8.57213
8.57156
8.57104
8.57046
8.56993
8.56936
8.56874
8.56823
8.56842
8.57058
8.57619
8.58508
8.59641
8.60988
8.62527
8.64241
8.6612
8.68152
8.7033
8.72646
8.75097
8.77673
8.8036
8.83142
8.86002
8.88922
8.91887
8.94882
8.97891
9.00902
9.039
9.06875
9.09815
9.12711
9.15555
9.18339
9.21057
9.23704
9.26274
9.28766
9.31176
9.33503
9.35745
9.37902
9.39974
9.41962
9.43867
9.45691
9.47435
9.49102
9.50694
9.52214
9.53665
9.55051
9.56374
9.57638
9.58847
9.60003
9.61112
9.62176
9.63199
9.64185
9.65138
9.66061
9.66958
9.67834
9.68691
9.69533
9.70365
9.71189
9.7201
9.72831
9.73655
9.74487
8.65956
8.65505
8.65543
8.65591
8.65642
8.65694
8.65748
8.65802
8.65857
8.65911
8.65964
8.66015
8.66062
8.66105
8.6614
8.66168
8.66187
8.66196
8.66194
8.66183
8.66163
8.66134
8.66097
8.66053
8.66003
8.65948
8.65898
8.65843
8.65793
8.65739
8.65681
8.65629
8.65636
8.65814
8.66298
8.67081
8.68086
8.69284
8.70657
8.72191
8.73875
8.757
8.77659
8.79746
8.81956
8.84284
8.86718
8.89243
8.91844
8.94505
8.97213
8.99952
9.02709
9.05473
9.08229
9.10969
9.1368
9.16356
9.18987
9.21566
9.24088
9.26546
9.28938
9.31259
9.33507
9.35679
9.37775
9.39794
9.41736
9.43601
9.4539
9.47105
9.48746
9.50317
9.51819
9.53254
9.54626
9.55937
9.5719
9.58388
9.59535
9.60634
9.61689
9.62702
9.63677
9.64617
9.65527
9.6641
9.67269
9.68108
9.6893
9.69739
9.70538
9.71332
9.72122
9.72914
9.7371
9.74514
8.74102
8.7369
8.73727
8.73773
8.73821
8.73871
8.73922
8.73974
8.74026
8.74078
8.74129
8.74177
8.74223
8.74264
8.74299
8.74326
8.74345
8.74354
8.74354
8.74344
8.74325
8.74298
8.74263
8.74222
8.74174
8.74121
8.74074
8.74022
8.73974
8.73922
8.73868
8.73818
8.73815
8.7396
8.74377
8.75067
8.75957
8.77023
8.78248
8.7962
8.81129
8.82768
8.8453
8.86409
8.88402
8.90504
8.92707
8.94997
8.9736
8.99783
9.02254
9.04757
9.07282
9.09816
9.12349
9.14869
9.17368
9.19837
9.22269
9.24656
9.26993
9.29275
9.31498
9.33657
9.35752
9.37778
9.39736
9.41624
9.43442
9.45189
9.46868
9.48478
9.50022
9.515
9.52915
9.54269
9.55564
9.56803
9.57989
9.59124
9.60211
9.61254
9.62256
9.63219
9.64147
9.65044
9.65912
9.66755
9.67576
9.68379
9.69166
9.69943
9.7071
9.71473
9.72234
9.72997
9.73765
9.74541
8.81674
8.81298
8.81334
8.81377
8.81423
8.81471
8.81519
8.81569
8.81619
8.81668
8.81716
8.81763
8.81807
8.81846
8.8188
8.81907
8.81925
8.81935
8.81936
8.81927
8.8191
8.81885
8.81852
8.81813
8.81767
8.81717
8.81672
8.81623
8.81578
8.81528
8.81478
8.81428
8.81418
8.81536
8.81894
8.82501
8.83289
8.84237
8.8533
8.86557
8.8791
8.8938
8.90964
8.92656
8.94452
8.96349
8.98341
9.00417
9.02563
9.04768
9.0702
9.09306
9.11616
9.13939
9.16263
9.1858
9.20881
9.23158
9.25403
9.27611
9.29775
9.31891
9.33954
9.35962
9.37911
9.398
9.41627
9.4339
9.4509
9.46726
9.483
9.4981
9.5126
9.5265
9.53982
9.55257
9.56479
9.57649
9.58769
9.59843
9.60873
9.61861
9.62812
9.63727
9.64609
9.65463
9.6629
9.67094
9.67879
9.68646
9.694
9.70144
9.70881
9.71613
9.72345
9.73079
9.73819
9.74568
8.8871
8.88367
8.88401
8.88443
8.88487
8.88532
8.88578
8.88625
8.88672
8.88719
8.88765
8.8881
8.88852
8.8889
8.88922
8.88948
8.88967
8.88977
8.88979
8.88972
8.88956
8.88933
8.88902
8.88864
8.88821
8.88773
8.88731
8.88684
8.88641
8.88594
8.88548
8.88499
8.88483
8.88578
8.88885
8.89419
8.90117
8.9096
8.91935
8.93032
8.94243
8.95562
8.96986
8.98508
9.00126
9.01837
9.03638
9.05517
9.07465
9.0947
9.11522
9.13608
9.1572
9.17846
9.19978
9.22107
9.24223
9.26321
9.28393
9.30432
9.32434
9.34395
9.36309
9.38173
9.39986
9.41744
9.43447
9.45092
9.46681
9.48211
9.49684
9.511
9.5246
9.53766
9.55018
9.56218
9.57369
9.58473
9.5953
9.60545
9.61519
9.62455
9.63356
9.64224
9.65063
9.65874
9.66662
9.67428
9.68177
9.6891
9.69631
9.70343
9.71049
9.71752
9.72455
9.73161
9.73873
9.74595
8.95247
8.94934
8.94967
8.95006
8.95047
8.9509
8.95134
8.95179
8.95224
8.95269
8.95313
8.95355
8.95395
8.95431
8.95463
8.95488
8.95507
8.95517
8.95519
8.95513
8.95499
8.95478
8.95449
8.95413
8.95372
8.95326
8.95286
8.95242
8.95202
8.95157
8.95113
8.95067
8.95047
8.95122
8.95385
8.95854
8.96472
8.97221
8.9809
8.99071
9.00155
9.01339
9.02617
9.03987
9.05444
9.06987
9.08613
9.10314
9.12081
9.13902
9.1577
9.17672
9.19601
9.21547
9.235
9.25454
9.274
9.29331
9.3124
9.33123
9.34974
9.36788
9.38562
9.40292
9.41976
9.43611
9.45197
9.46731
9.48213
9.49643
9.51021
9.52347
9.53622
9.54847
9.56023
9.57151
9.58234
9.59274
9.60271
9.61229
9.6215
9.63035
9.63888
9.64711
9.65507
9.66278
9.67027
9.67756
9.68469
9.69169
9.69858
9.70539
9.71214
9.71888
9.72563
9.73241
9.73927
9.74622
9.01318
9.01033
9.01064
9.01101
9.01141
9.01181
9.01223
9.01265
9.01308
9.0135
9.01392
9.01433
9.01471
9.01506
9.01536
9.0156
9.01578
9.01589
9.01592
9.01587
9.01574
9.01554
9.01527
9.01494
9.01455
9.01411
9.01374
9.01331
9.01293
9.01251
9.0121
9.01166
9.01143
9.01201
9.01426
9.01839
9.02385
9.03051
9.03825
9.04701
9.05672
9.06733
9.07881
9.09112
9.10425
9.11816
9.13283
9.14821
9.16422
9.18076
9.19775
9.21509
9.23269
9.25048
9.26837
9.28628
9.30415
9.32191
9.3395
9.35687
9.37396
9.39074
9.40716
9.4232
9.43883
9.45402
9.46877
9.48306
9.49688
9.51023
9.5231
9.5355
9.54744
9.55892
9.56996
9.58056
9.59074
9.60052
9.60992
9.61895
9.62764
9.63601
9.64407
9.65187
9.65941
9.66672
9.67384
9.68077
9.68756
9.69423
9.7008
9.70731
9.71377
9.72023
9.7267
9.73321
9.73979
9.74648
9.06957
9.06697
9.06727
9.06762
9.06799
9.06837
9.06876
9.06917
9.06957
9.06997
9.07037
9.07075
9.07112
9.07145
9.07174
9.07198
9.07216
9.07226
9.0723
9.07226
9.07215
9.07196
9.07171
9.07139
9.07103
9.07061
9.07025
9.06985
9.06949
9.06909
9.06871
9.06829
9.06804
9.06849
9.0704
9.07402
9.07886
9.08477
9.09167
9.09949
9.10818
9.11769
9.12799
9.13906
9.15087
9.1634
9.17664
9.19054
9.20504
9.22005
9.23549
9.25127
9.26733
9.28358
9.29995
9.31636
9.33276
9.34908
9.36527
9.38127
9.39704
9.41254
9.42773
9.44259
9.45708
9.47119
9.48489
9.49819
9.51106
9.52351
9.53552
9.54711
9.55828
9.56903
9.57937
9.58931
9.59888
9.60807
9.61691
9.62542
9.63361
9.64151
9.64913
9.6565
9.66364
9.67058
9.67733
9.68392
9.69038
9.69672
9.70299
9.7092
9.71538
9.72155
9.72774
9.73399
9.74031
9.74673
9.12193
9.11957
9.11985
9.12018
9.12053
9.12089
9.12126
9.12164
9.12202
9.1224
9.12278
9.12314
9.12349
9.12381
9.12409
9.12432
9.12449
9.1246
9.12464
9.12461
9.1245
9.12433
9.1241
9.12381
9.12346
9.12306
9.12272
9.12234
9.12201
9.12163
9.12128
9.12088
9.12061
9.12094
9.12257
9.12575
9.13002
9.13527
9.14142
9.1484
9.15617
9.16469
9.17393
9.18388
9.1945
9.20579
9.21772
9.23028
9.24339
9.257
9.27102
9.28538
9.30002
9.31485
9.32981
9.34484
9.35988
9.37486
9.38974
9.40448
9.41901
9.43332
9.44736
9.46111
9.47453
9.48762
9.50034
9.5127
9.52468
9.53627
9.54747
9.55829
9.56873
9.57878
9.58846
9.59778
9.60675
9.61539
9.6237
9.6317
9.63942
9.64686
9.65406
9.66102
9.66777
9.67434
9.68073
9.68699
9.69312
9.69916
9.70513
9.71105
9.71694
9.72284
9.72877
9.73475
9.74082
9.74698
9.17057
9.16841
9.16868
9.16899
9.16932
9.16966
9.17001
9.17037
9.17073
9.17109
9.17145
9.17179
9.17212
9.17242
9.17269
9.17291
9.17308
9.17319
9.17323
9.17321
9.17312
9.17296
9.17274
9.17247
9.17214
9.17176
9.17144
9.17109
9.17077
9.17041
9.17008
9.16971
9.16943
9.16967
9.17105
9.17383
9.17761
9.18227
9.18774
9.19397
9.20091
9.20854
9.21683
9.22576
9.23531
9.24547
9.25622
9.26756
9.27942
9.29174
9.30447
9.31753
9.33085
9.34438
9.35804
9.37179
9.38557
9.39931
9.41298
9.42653
9.43992
9.45312
9.46608
9.47878
9.49121
9.50333
9.51514
9.52661
9.53774
9.54853
9.55897
9.56906
9.57879
9.58819
9.59724
9.60597
9.61437
9.62247
9.63027
9.63779
9.64505
9.65206
9.65884
9.66541
9.67179
9.678
9.68406
9.68999
9.69581
9.70154
9.70722
9.71286
9.71848
9.72411
9.72978
9.7355
9.74131
9.74723
9.21575
9.21378
9.21403
9.21433
9.21464
9.21496
9.21529
9.21563
9.21597
9.21631
9.21664
9.21697
9.21728
9.21757
9.21782
9.21803
9.2182
9.21831
9.21835
9.21834
9.21826
9.21811
9.21791
9.21765
9.21734
9.21699
9.21669
9.21635
9.21605
9.21572
9.21541
9.21506
9.21478
9.21494
9.2161
9.21854
9.22188
9.22601
9.23087
9.23643
9.24263
9.24946
9.25689
9.26491
9.27349
9.28263
9.29231
9.30253
9.31325
9.3244
9.33594
9.3478
9.35992
9.37225
9.38472
9.39729
9.40989
9.42249
9.43504
9.44749
9.45981
9.47196
9.48392
9.49565
9.50714
9.51836
9.5293
9.53994
9.55028
9.5603
9.57001
9.57941
9.58849
9.59725
9.60571
9.61387
9.62174
9.62932
9.63664
9.6437
9.65052
9.65711
9.66349
9.66969
9.6757
9.68157
9.6873
9.69291
9.69843
9.70387
9.70926
9.71463
9.71998
9.72536
9.73077
9.73624
9.7418
9.74747
9.25773
9.25594
9.25618
9.25645
9.25674
9.25704
9.25736
9.25768
9.258
9.25832
9.25863
9.25894
9.25923
9.25951
9.25975
9.25995
9.26011
9.26022
9.26027
9.26026
9.26019
9.26006
9.25987
9.25963
9.25934
9.259
9.25872
9.2584
9.25812
9.25781
9.25752
9.25719
9.25691
9.25701
9.25799
9.26011
9.26306
9.26672
9.27105
9.276
9.28154
9.28764
9.2943
9.30149
9.3092
9.31741
9.32613
9.33534
9.34501
9.3551
9.36555
9.37631
9.38733
9.39855
9.40992
9.4214
9.43292
9.44446
9.45596
9.46739
9.47871
9.4899
9.50091
9.51174
9.52235
9.53272
9.54284
9.5527
9.56229
9.5716
9.58063
9.58937
9.59782
9.60599
9.61388
9.6215
9.62885
9.63595
9.6428
9.64942
9.65582
9.66201
9.66801
9.67384
9.67951
9.68504
9.69045
9.69576
9.70098
9.70614
9.71126
9.71636
9.72145
9.72657
9.73173
9.73696
9.74228
9.74771
9.29676
9.29513
9.29535
9.29561
9.29588
9.29616
9.29646
9.29676
9.29706
9.29736
9.29765
9.29794
9.29822
9.29848
9.29871
9.29891
9.29906
9.29916
9.29922
9.29921
9.29915
9.29903
9.29886
9.29863
9.29836
9.29804
9.29778
9.29748
9.29722
9.29692
9.29666
9.29635
9.29607
9.29612
9.29694
9.29879
9.30139
9.30464
9.30848
9.31289
9.31783
9.32329
9.32924
9.33568
9.3426
9.34998
9.35782
9.36611
9.37483
9.38395
9.39341
9.40317
9.41317
9.42338
9.43373
9.4442
9.45472
9.46527
9.47581
9.48629
9.49669
9.50697
9.51711
9.52708
9.53686
9.54644
9.5558
9.56493
9.57381
9.58244
9.59082
9.59894
9.6068
9.6144
9.62176
9.62886
9.63572
9.64235
9.64876
9.65496
9.66095
9.66676
9.6724
9.67787
9.68321
9.68842
9.69352
9.69853
9.70347
9.70835
9.7132
9.71804
9.72289
9.72776
9.73267
9.73766
9.74274
9.74794
9.33306
9.33158
9.33179
9.33203
9.33228
9.33255
9.33282
9.3331
9.33338
9.33367
9.33394
9.33422
9.33448
9.33472
9.33494
9.33513
9.33527
9.33538
9.33543
9.33543
9.33538
9.33527
9.33511
9.3349
9.33464
9.33434
9.3341
9.33381
9.33357
9.33329
9.33305
9.33276
9.33249
9.3325
9.33318
9.3348
9.33709
9.33996
9.34337
9.34729
9.35169
9.35656
9.36189
9.36766
9.37386
9.38049
9.38753
9.39499
9.40285
9.41107
9.41963
9.42846
9.43754
9.44681
9.45623
9.46576
9.47536
9.485
9.49464
9.50424
9.51377
9.52321
9.53253
9.54171
9.55072
9.55955
9.56819
9.57663
9.58485
9.59284
9.6006
9.60814
9.61544
9.62251
9.62935
9.63597
9.64236
9.64855
9.65453
9.66032
9.66593
9.67137
9.67665
9.68179
9.6868
9.6917
9.69651
9.70123
9.70589
9.71051
9.7151
9.71969
9.72428
9.72891
9.7336
9.73835
9.7432
9.74816
9.36685
9.3655
9.3657
9.36592
9.36616
9.36641
9.36666
9.36693
9.36719
9.36745
9.36772
9.36797
9.36822
9.36845
9.36865
9.36883
9.36897
9.36907
9.36912
9.36913
9.36909
9.36899
9.36884
9.36865
9.36841
9.36812
9.36789
9.36762
9.3674
9.36714
9.36692
9.36665
9.36639
9.36636
9.36693
9.36833
9.37035
9.37289
9.37591
9.37939
9.38331
9.38766
9.39241
9.39757
9.40313
9.40907
9.41539
9.42209
9.42917
9.43658
9.44431
9.4523
9.46052
9.46893
9.47749
9.48616
9.49491
9.5037
9.51251
9.52129
9.53002
9.53867
9.54723
9.55566
9.56395
9.57209
9.58005
9.58784
9.59543
9.60282
9.61001
9.61699
9.62376
9.63032
9.63667
9.64282
9.64878
9.65454
9.66012
9.66552
9.67076
9.67584
9.68079
9.6856
9.6903
9.6949
9.69942
9.70386
9.70825
9.71261
9.71695
9.72129
9.72565
9.73004
9.73449
9.73902
9.74364
9.74838
9.39833
9.39711
9.39729
9.3975
9.39772
9.39795
9.39819
9.39843
9.39868
9.39893
9.39917
9.39941
9.39964
9.39986
9.40005
9.40022
9.40035
9.40045
9.40051
9.40051
9.40048
9.40039
9.40026
9.40008
9.39985
9.39958
9.39937
9.39912
9.39891
9.39867
9.39846
9.39822
9.39796
9.39791
9.39838
9.39959
9.40136
9.4036
9.40628
9.40937
9.41286
9.41673
9.42097
9.42558
9.43055
9.43587
9.44154
9.44755
9.45391
9.46059
9.46755
9.47477
9.48221
9.48983
9.49759
9.50547
9.51343
9.52144
9.52947
9.53749
9.54547
9.5534
9.56124
9.56898
9.57659
9.58407
9.59141
9.59858
9.60558
9.6124
9.61904
9.6255
9.63177
9.63785
9.64374
9.64945
9.65498
9.66034
9.66553
9.67056
9.67544
9.68019
9.6848
9.6893
9.6937
9.69801
9.70225
9.70643
9.71056
9.71466
9.71876
9.72286
9.72698
9.73115
9.73537
9.73967
9.74407
9.7486
9.42769
9.42658
9.42675
9.42694
9.42715
9.42736
9.42759
9.42782
9.42804
9.42827
9.4285
9.42873
9.42894
9.42914
9.42933
9.42948
9.42961
9.42971
9.42976
9.42977
9.42974
9.42967
9.42954
9.42938
9.42917
9.42891
9.42871
9.42848
9.42829
9.42806
9.42787
9.42765
9.4274
9.42733
9.42771
9.42877
9.43032
9.43229
9.43466
9.4374
9.44049
9.44393
9.44771
9.45182
9.45626
9.46102
9.4661
9.47149
9.47719
9.4832
9.48947
9.49598
9.50269
9.50958
9.51662
9.52377
9.531
9.53828
9.54559
9.5529
9.56019
9.56743
9.5746
9.58169
9.58868
9.59554
9.60228
9.60888
9.61532
9.62161
9.62774
9.63369
9.63949
9.64511
9.65056
9.65585
9.66098
9.66595
9.67077
9.67545
9.67999
9.68441
9.68871
9.69291
9.69702
9.70105
9.70501
9.70893
9.71281
9.71666
9.72052
9.72439
9.72828
9.73222
9.73623
9.74031
9.7445
9.7488
9.45511
9.4541
9.45426
9.45444
9.45463
9.45483
9.45504
9.45525
9.45546
9.45568
9.45589
9.45609
9.4563
9.45648
9.45666
9.45681
9.45693
9.45702
9.45707
9.45709
9.45706
9.45699
9.45688
9.45673
9.45653
9.4563
9.45611
9.45589
9.45571
9.4555
9.45533
9.45512
9.45489
9.4548
9.45511
9.45602
9.45738
9.45912
9.46121
9.46363
9.46637
9.46943
9.47279
9.47645
9.4804
9.48465
9.48919
9.49401
9.49913
9.50451
9.51015
9.51601
9.52206
9.52828
9.53464
9.54111
9.54767
9.55428
9.56093
9.56758
9.57422
9.58082
9.58737
9.59385
9.60024
9.60653
9.61271
9.61876
9.62468
9.63047
9.6361
9.64159
9.64693
9.65212
9.65716
9.66205
9.66679
9.67139
9.67586
9.6802
9.68441
9.68852
9.69251
9.69642
9.70025
9.70401
9.70771
9.71137
9.715
9.71862
9.72224
9.72588
9.72955
9.73327
9.73706
9.74093
9.74491
9.74901
9.48076
9.47984
9.47999
9.48015
9.48033
9.48051
9.48071
9.4809
9.4811
9.4813
9.48149
9.48169
9.48187
9.48205
9.48221
9.48235
9.48247
9.48255
9.48261
9.48262
9.4826
9.48254
9.48244
9.4823
9.48212
9.4819
9.48173
9.48152
9.48136
9.48116
9.481
9.48081
9.4806
9.4805
9.48075
9.48153
9.48272
9.48424
9.48608
9.48821
9.49064
9.49334
9.49632
9.49958
9.50309
9.50688
9.51093
9.51524
9.51981
9.52463
9.52969
9.53495
9.5404
9.546
9.55174
9.55758
9.56351
9.5695
9.57553
9.58157
9.5876
9.59361
9.59958
9.60549
9.61132
9.61707
9.62272
9.62826
9.63369
9.639
9.64417
9.64922
9.65413
9.65891
9.66355
9.66805
9.67243
9.67668
9.68081
9.68482
9.68872
9.69252
9.69623
9.69985
9.70341
9.7069
9.71035
9.71376
9.71715
9.72054
9.72393
9.72734
9.7308
9.7343
9.73788
9.74154
9.74531
9.74921
9.50479
9.50396
9.50409
9.50424
9.50441
9.50458
9.50475
9.50493
9.50512
9.5053
9.50548
9.50566
9.50583
9.50599
9.50614
9.50627
9.50638
9.50647
9.50652
9.50654
9.50652
9.50647
9.50638
9.50625
9.50608
9.50587
9.50572
9.50553
9.50538
9.50519
9.50505
9.50488
9.50467
9.50457
9.50477
9.50544
9.50647
9.50781
9.50942
9.5113
9.51343
9.51582
9.51846
9.52134
9.52446
9.52783
9.53143
9.53527
9.53935
9.54366
9.54818
9.5529
9.55778
9.56282
9.56798
9.57325
9.5786
9.584
9.58945
9.59492
9.60039
9.60585
9.61127
9.61664
9.62195
9.62719
9.63235
9.63741
9.64237
9.64722
9.65197
9.65659
9.66109
9.66548
9.66974
9.67388
9.67791
9.68182
9.68562
9.68932
9.69292
9.69643
9.69986
9.70321
9.7065
9.70974
9.71294
9.71611
9.71926
9.72242
9.72558
9.72878
9.73202
9.73531
9.73868
9.74214
9.7457
9.7494
9.52735
9.5266
9.52672
9.52686
9.52701
9.52716
9.52733
9.52749
9.52766
9.52783
9.52799
9.52816
9.52832
9.52847
9.52861
9.52873
9.52883
9.52891
9.52896
9.52898
9.52897
9.52892
9.52884
9.52872
9.52857
9.52838
9.52823
9.52806
9.52792
9.52775
9.52762
9.52746
9.52727
9.52717
9.52732
9.52789
9.52879
9.52995
9.53136
9.53301
9.53489
9.53699
9.53931
9.54186
9.54462
9.5476
9.5508
9.55421
9.55784
9.56168
9.56571
9.56993
9.5743
9.57881
9.58344
9.58817
9.59298
9.59785
9.60276
9.6077
9.61264
9.61758
9.62249
9.62736
9.63218
9.63694
9.64163
9.64623
9.65075
9.65518
9.65951
9.66373
9.66785
9.67186
9.67576
9.67956
9.68325
9.68684
9.69033
9.69372
9.69703
9.70026
9.70341
9.7065
9.70954
9.71252
9.71548
9.71841
9.72134
9.72427
9.72721
9.73019
9.73322
9.7363
9.73947
9.74272
9.74609
9.74959
9.54857
9.5479
9.54801
9.54813
9.54827
9.54841
9.54856
9.54871
9.54887
9.54902
9.54917
9.54933
9.54947
9.54961
9.54974
9.54985
9.54995
9.55002
9.55007
9.55009
9.55008
9.55004
9.54997
9.54986
9.54972
9.54954
9.54941
9.54925
9.54912
9.54897
9.54885
9.54871
9.54853
9.54842
9.54854
9.54903
9.54981
9.55081
9.55204
9.55348
9.55512
9.55697
9.55901
9.56125
9.56368
9.56631
9.56914
9.57216
9.57538
9.57879
9.58237
9.58612
9.59002
9.59404
9.59818
9.60241
9.60672
9.61109
9.61551
9.61995
9.6244
9.62884
9.63327
9.63767
9.64203
9.64634
9.65059
9.65476
9.65887
9.66289
9.66682
9.67066
9.67441
9.67807
9.68162
9.68509
9.68846
9.69174
9.69493
9.69804
9.70106
9.70402
9.70691
9.70974
9.71253
9.71527
9.71799
9.72069
9.72339
9.72609
9.72882
9.73159
9.7344
9.73728
9.74024
9.7433
9.74646
9.74978
9.5686
9.56799
9.56809
9.56821
9.56833
9.56846
9.56859
9.56873
9.56887
9.56901
9.56915
9.56929
9.56942
9.56955
9.56967
9.56977
9.56986
9.56993
9.56997
9.57
9.56999
9.56996
9.56989
9.5698
9.56967
9.5695
9.56938
9.56924
9.56912
9.56898
9.56887
9.56874
9.56859
9.56848
9.56857
9.56898
9.56965
9.57052
9.57158
9.57283
9.57426
9.57587
9.57765
9.57961
9.58175
9.58406
9.58655
9.58922
9.59206
9.59507
9.59824
9.60157
9.60502
9.6086
9.61228
9.61605
9.61989
9.6238
9.62774
9.63171
9.6357
9.63969
9.64367
9.64763
9.65155
9.65543
9.65926
9.66303
9.66674
9.67037
9.67393
9.67741
9.68081
9.68412
9.68735
9.6905
9.69356
9.69654
9.69944
9.70227
9.70503
9.70772
9.71036
9.71294
9.71548
9.71799
9.72048
9.72295
9.72542
9.72791
9.73042
9.73297
9.73558
9.73825
9.74101
9.74387
9.74684
9.74996
9.58754
9.587
9.58709
9.58719
9.5873
9.58742
9.58754
9.58767
9.5878
9.58792
9.58805
9.58817
9.58829
9.58841
9.58851
9.58861
9.58869
9.58875
9.5888
9.58882
9.58882
9.58879
9.58874
9.58865
9.58853
9.58838
9.58827
9.58814
9.58804
9.58791
9.58781
9.58769
9.58755
9.58745
9.58751
9.58786
9.58843
9.58917
9.59009
9.59117
9.5924
9.5938
9.59535
9.59706
9.59893
9.60095
9.60313
9.60546
9.60796
9.61061
9.6134
9.61633
9.61938
9.62254
9.6258
9.62914
9.63255
9.63601
9.63952
9.64306
9.64661
9.65017
9.65372
9.65726
9.66077
9.66425
9.66768
9.67107
9.67439
9.67766
9.68086
9.684
9.68706
9.69005
9.69296
9.6958
9.69857
9.70127
9.70389
9.70645
9.70895
9.71139
9.71377
9.71611
9.71842
9.7207
9.72295
9.7252
9.72745
9.72972
9.73202
9.73436
9.73676
9.73922
9.74178
9.74443
9.74721
9.75014
9.60552
9.60504
9.60512
9.60521
9.60531
9.60542
9.60553
9.60564
9.60575
9.60587
9.60598
9.60609
9.6062
9.6063
9.6064
9.60649
9.60656
9.60662
9.60666
9.60668
9.60668
9.60666
9.60661
9.60654
9.60643
9.60629
9.6062
9.60607
9.60598
9.60586
9.60578
9.60567
9.60555
9.60545
9.60549
9.60578
9.60626
9.6069
9.60768
9.6086
9.60967
9.61087
9.61221
9.61369
9.6153
9.61706
9.61895
9.62099
9.62317
9.62548
9.62793
9.63049
9.63316
9.63594
9.6388
9.64174
9.64474
9.6478
9.6509
9.65402
9.65717
9.66032
9.66347
9.66662
9.66974
9.67283
9.67589
9.6789
9.68187
9.68479
9.68765
9.69045
9.69319
9.69587
9.69848
9.70103
9.70351
9.70593
9.70828
9.71058
9.71283
9.71502
9.71716
9.71927
9.72134
9.72339
9.72543
9.72746
9.72949
9.73154
9.73362
9.73575
9.73794
9.7402
9.74255
9.745
9.74758
9.75032
9.62265
9.62222
9.62229
9.62237
9.62246
9.62255
9.62265
9.62275
9.62285
9.62295
9.62305
9.62315
9.62325
9.62334
9.62343
9.62351
9.62357
9.62363
9.62367
9.62369
9.62369
9.62367
9.62363
9.62356
9.62347
9.62334
9.62326
9.62315
9.62307
9.62296
9.62289
9.62279
9.62269
9.62259
9.62262
9.62286
9.62326
9.62379
9.62445
9.62524
9.62614
9.62717
9.62832
9.62958
9.63097
9.63248
9.63412
9.63588
9.63777
9.63977
9.64189
9.64411
9.64644
9.64885
9.65135
9.65391
9.65653
9.65921
9.66192
9.66466
9.66742
9.67019
9.67296
9.67573
9.67848
9.68121
9.6839
9.68657
9.6892
9.69178
9.69431
9.6968
9.69923
9.7016
9.70392
9.70618
9.70839
9.71054
9.71264
9.71469
9.71668
9.71864
9.72055
9.72243
9.72427
9.7261
9.72791
9.72972
9.73154
9.73338
9.73525
9.73716
9.73913
9.74118
9.74333
9.74558
9.74796
9.7505
9.63902
9.63864
9.6387
9.63878
9.63885
9.63894
9.63902
9.63911
9.6392
9.63929
9.63937
9.63946
9.63955
9.63963
9.6397
9.63977
9.63983
9.63988
9.63992
9.63994
9.63994
9.63993
9.63989
9.63984
9.63975
9.63964
9.63957
9.63947
9.6394
9.6393
9.63924
9.63915
9.63906
9.63897
9.63899
9.63919
9.63951
9.63996
9.64051
9.64117
9.64193
9.6428
9.64377
9.64484
9.64602
9.64731
9.64871
9.65022
9.65183
9.65355
9.65536
9.65727
9.65927
9.66135
9.6635
9.66571
9.66798
9.67029
9.67264
9.67502
9.67741
9.67982
9.68223
9.68464
9.68704
9.68942
9.69177
9.6941
9.6964
9.69866
9.70088
9.70306
9.70519
9.70727
9.70931
9.7113
9.71324
9.71513
9.71698
9.71878
9.72054
9.72226
9.72394
9.72559
9.72722
9.72883
9.73043
9.73202
9.73362
9.73525
9.7369
9.7386
9.74036
9.74219
9.74412
9.74617
9.74834
9.75069
9.65473
9.6544
9.65446
9.65452
9.65459
9.65466
9.65473
9.65481
9.65488
9.65496
9.65504
9.65511
9.65519
9.65526
9.65532
9.65538
9.65544
9.65548
9.65551
9.65553
9.65553
9.65552
9.65549
9.65545
9.65538
9.65527
9.65521
9.65512
9.65506
9.65498
9.65493
9.65485
9.65478
9.65469
9.6547
9.65486
9.65513
9.65549
9.65594
9.65649
9.65712
9.65784
9.65865
9.65955
9.66054
9.66162
9.6628
9.66407
9.66543
9.66688
9.66842
9.67003
9.67173
9.67349
9.67532
9.6772
9.67913
9.6811
9.68311
9.68514
9.68719
9.68925
9.69132
9.69339
9.69545
9.69749
9.69952
9.70153
9.70351
9.70546
9.70738
9.70926
9.7111
9.71291
9.71467
9.71639
9.71808
9.71972
9.72132
9.72288
9.7244
9.7259
9.72736
9.72879
9.7302
9.73159
9.73298
9.73436
9.73575
9.73716
9.7386
9.74008
9.74162
9.74324
9.74495
9.74678
9.74874
9.75088
9.66987
9.6696
9.66964
9.66969
9.66975
9.66981
9.66987
9.66994
9.67
9.67007
9.67013
9.6702
9.67026
9.67032
9.67038
9.67043
9.67047
9.67051
9.67054
9.67055
9.67056
9.67055
9.67053
9.67049
9.67043
9.67034
9.67029
9.67021
9.67016
9.67009
9.67005
9.66998
9.66992
9.66984
9.66985
9.66997
9.67018
9.67047
9.67084
9.67128
9.67179
9.67238
9.67304
9.67378
9.67459
9.67549
9.67646
9.67751
9.67864
9.67984
9.68112
9.68246
9.68387
9.68534
9.68686
9.68843
9.69005
9.6917
9.69338
9.69508
9.6968
9.69853
9.70027
9.70201
9.70375
9.70547
9.70719
9.70888
9.71056
9.71221
9.71383
9.71543
9.71699
9.71852
9.72002
9.72149
9.72292
9.72431
9.72567
9.727
9.7283
9.72957
9.73081
9.73203
9.73323
9.73441
9.73559
9.73676
9.73794
9.73914
9.74036
9.74162
9.74294
9.74433
9.74582
9.74742
9.74916
9.75108
9.68453
9.68431
9.68434
9.68438
9.68443
9.68448
9.68453
9.68459
9.68464
9.68469
9.68475
9.6848
9.68485
9.6849
9.68495
9.68499
9.68503
9.68506
9.68508
9.6851
9.6851
9.6851
9.68508
9.68505
9.685
9.68492
9.68488
9.68482
9.68478
9.68472
9.68468
9.68463
9.68458
9.68451
9.68451
9.6846
9.68477
9.68499
9.68528
9.68562
9.68603
9.68649
9.68702
9.68761
9.68827
9.68899
9.68977
9.69062
9.69152
9.6925
9.69353
9.69461
9.69575
9.69694
9.69818
9.69946
9.70077
9.70212
9.70349
9.70488
9.70628
9.7077
9.70913
9.71055
9.71198
9.71339
9.7148
9.7162
9.71758
9.71894
9.72028
9.72159
9.72289
9.72415
9.72539
9.7266
9.72778
9.72894
9.73006
9.73116
9.73224
9.73329
9.73431
9.73532
9.73631
9.73729
9.73826
9.73923
9.7402
9.74119
9.7422
9.74324
9.74434
9.7455
9.74675
9.74811
9.74961
9.7513
9.69879
9.69861
9.69864
9.69867
9.69871
9.69875
9.69879
9.69883
9.69887
9.69892
9.69896
9.699
9.69904
9.69908
9.69912
9.69915
9.69918
9.69921
9.69923
9.69924
9.69925
9.69924
9.69923
9.6992
9.69917
9.69911
9.69907
9.69902
9.69899
9.69894
9.69891
9.69887
9.69883
9.69878
9.69877
9.69884
9.69896
9.69913
9.69934
9.6996
9.69991
9.70027
9.70067
9.70113
9.70163
9.70219
9.70279
9.70345
9.70415
9.70491
9.70571
9.70655
9.70744
9.70837
9.70933
9.71033
9.71136
9.71241
9.71349
9.71458
9.71568
9.7168
9.71792
9.71904
9.72017
9.72129
9.7224
9.72351
9.7246
9.72568
9.72674
9.72778
9.72881
9.72981
9.7308
9.73176
9.7327
9.73362
9.73451
9.73539
9.73624
9.73707
9.73789
9.73869
9.73947
9.74025
9.74102
9.74178
9.74255
9.74333
9.74413
9.74495
9.74582
9.74675
9.74775
9.74886
9.75011
9.75155
9.71273
9.71259
9.71261
9.71264
9.71266
9.71269
9.71272
9.71276
9.71279
9.71282
9.71285
9.71288
9.71291
9.71294
9.71297
9.713
9.71302
9.71304
9.71305
9.71306
9.71307
9.71306
9.71305
9.71304
9.71301
9.71296
9.71294
9.7129
9.71288
9.71284
9.71282
9.71278
9.71276
9.71272
9.71271
9.71276
9.71284
9.71295
9.7131
9.71329
9.71351
9.71377
9.71406
9.71439
9.71475
9.71516
9.7156
9.71607
9.71658
9.71713
9.71772
9.71833
9.71898
9.71966
9.72037
9.7211
9.72186
9.72263
9.72342
9.72423
9.72504
9.72587
9.7267
9.72753
9.72836
9.72919
9.73002
9.73084
9.73165
9.73245
9.73324
9.73402
9.73478
9.73553
9.73626
9.73698
9.73768
9.73837
9.73903
9.73969
9.74032
9.74094
9.74155
9.74215
9.74273
9.7433
9.74387
9.74444
9.745
9.74558
9.74617
9.74678
9.74742
9.74811
9.74886
9.74971
9.75068
9.75183
9.72641
9.72632
9.72633
9.72635
9.72637
9.72639
9.72641
9.72643
9.72645
9.72647
9.72649
9.72651
9.72653
9.72655
9.72657
9.72659
9.7266
9.72661
9.72662
9.72663
9.72663
9.72663
9.72663
9.72662
9.7266
9.72657
9.72655
9.72652
9.72651
9.72649
9.72647
9.72645
9.72643
9.7264
9.7264
9.72643
9.72647
9.72654
9.72664
9.72676
9.7269
9.72706
9.72725
9.72746
9.7277
9.72796
9.72824
9.72855
9.72888
9.72924
9.72962
9.73002
9.73044
9.73088
9.73134
9.73182
9.73231
9.73282
9.73334
9.73387
9.7344
9.73495
9.73549
9.73604
9.73659
9.73714
9.73768
9.73822
9.73876
9.73929
9.73981
9.74033
9.74083
9.74133
9.74182
9.74229
9.74276
9.74321
9.74365
9.74408
9.7445
9.74491
9.74531
9.74571
9.74609
9.74647
9.74684
9.74721
9.74758
9.74796
9.74834
9.74874
9.74916
9.74961
9.75011
9.75068
9.75134
9.75217
9.73991
9.73987
9.73987
9.73988
9.73989
9.7399
9.73991
9.73992
9.73993
9.73994
9.73995
9.73996
9.73997
9.73998
9.73999
9.74
9.74001
9.74001
9.74002
9.74002
9.74002
9.74002
9.74002
9.74001
9.74001
9.73999
9.73998
9.73997
9.73996
9.73995
9.73994
9.73993
9.73992
9.73991
9.7399
9.73992
9.73994
9.73997
9.74001
9.74007
9.74014
9.74022
9.74031
9.74041
9.74052
9.74065
9.74079
9.74094
9.7411
9.74127
9.74146
9.74165
9.74186
9.74208
9.7423
9.74254
9.74278
9.74303
9.74328
9.74354
9.74381
9.74407
9.74434
9.74462
9.74489
9.74516
9.74543
9.7457
9.74597
9.74623
9.74649
9.74674
9.74699
9.74724
9.74748
9.74771
9.74794
9.74817
9.74839
9.7486
9.74881
9.74901
9.74921
9.7494
9.74959
9.74978
9.74996
9.75014
9.75032
9.7505
9.75069
9.75088
9.75108
9.7513
9.75155
9.75183
9.75217
9.75261
