-0.000514739
-0.00556504
-0.0332772
-0.109485
-0.256641
-0.488858
-0.812223
-1.22681
-1.72884
-2.31241
-2.97034
-3.69444
-4.47619
-5.3076
-6.18174
-7.09204
-8.03015
-8.98141
-9.91755
-10.7879
-11.5124
-11.9832
-12.0772
-11.6825
-10.7291
-9.21562
-7.2208
-4.8944
-2.43139
-0.0366422
2.10846
3.86797
5.15829
-0.00556504
-0.00759603
-0.029268
-0.0925272
-0.22029
-0.429073
-0.728157
-1.12074
-1.60566
-2.17893
-2.83462
-3.5652
-4.36206
-5.21635
-6.11938
-7.06205
-8.03304
-9.01497
-9.97816
-10.8727
-11.6219
-12.1228
-12.2571
-11.9142
-11.0209
-9.56756
-7.62091
-5.319
-2.84855
-0.412256
1.80415
3.65594
5.05004
-0.0332772
-0.029268
-0.0502011
-0.111594
-0.235867
-0.43955
-0.732222
-1.11757
-1.59499
-2.16105
-2.81031
-3.53564
-4.32878
-5.18119
-6.08443
-7.02957
-8.00537
-8.99432
-9.96631
-10.8707
-11.6299
-12.1399
-12.2817
-11.9446
-11.0555
-9.60507
-7.66042
-5.35961
-2.889
-0.450602
1.77058
3.63032
5.03567
-0.109485
-0.0925272
-0.111594
-0.170515
-0.291018
-0.489846
-0.776904
-1.15619
-1.6274
-2.18732
-2.83072
-3.5506
-4.33882
-5.18689
-6.08639
-7.02844
-8.00176
-8.98887
-9.95967
-10.8635
-11.6228
-12.1334
-12.2764
-11.9406
-11.0531
-9.60409
-7.66078
-5.36109
-2.8913
-0.453393
1.7677
3.62783
5.03412
-0.256641
-0.22029
-0.235867
-0.291018
-0.405881
-0.597413
-0.876029
-1.24624
-1.70817
-2.25894
-2.89355
-3.60517
-4.38574
-5.22684
-6.12008
-7.05655
-8.02496
-9.0078
-9.9749
-10.8756
-11.6322
-12.1407
-12.2818
-11.9447
-11.056
-9.60623
-7.66232
-5.36221
-2.89213
-0.454024
1.76722
3.62749
5.03393
-0.488858
-0.429073
-0.43955
-0.489846
-0.597413
-0.779183
-1.04614
-1.40347
-1.85191
-2.38912
-3.01045
-3.70937
-4.47799
-5.308
-6.19105
-7.11825
-8.0783
-9.05364
-10.0141
-10.9088
-11.6602
-12.1641
-12.3012
-11.9606
-11.069
-9.61659
-7.67048
-5.3685
-2.89684
-0.457407
1.76495
3.62612
5.03332
-0.812223
-0.728157
-0.732222
-0.776904
-0.876029
-1.04614
-1.2987
-1.63964
-2.07048
-2.58954
-3.19274
-3.87398
-4.62567
-5.4397
-6.30784
-7.22127
-8.1687
-9.13255
-10.0826
-10.9679
-11.711
-12.2073
-12.3378
-11.9913
-11.0944
-9.63741
-7.68725
-5.38173
-2.90698
-0.464867
1.7598
3.62297
5.03187
-1.22681
-1.12074
-1.11757
-1.15619
-1.24624
-1.40347
-1.63964
-1.96142
-2.37113
-2.86789
-3.44836
-4.10702
-4.83673
-5.62968
-6.47788
-7.37264
-8.30273
-9.25059
-10.186
-11.058
-11.7889
-12.2744
-12.395
-12.0397
-11.1349
-9.67092
-7.71451
-5.40345
-2.92381
-0.477381
1.75108
3.61757
5.02936
-1.72884
-1.60566
-1.59499
-1.6274
-1.70817
-1.85191
-2.07048
-2.37113
-2.75697
-3.22799
-3.78166
-4.41325
-5.11622
-5.88319
-6.70648
-7.57759
-8.48548
-9.41265
-10.3289
-11.1833
-11.8981
-12.3688
-12.4761
-12.1087
-11.193
-9.71926
-7.75408
-5.43517
-2.94853
-0.495875
1.73811
3.60948
5.02557
-2.31241
-2.17893
-2.16105
-2.18732
-2.25894
-2.38912
-2.58954
-2.86789
-3.22799
-3.6706
-4.19411
-4.79467
-5.46659
-6.20305
-6.99674
-7.83947
-8.72039
-9.62216
-10.5147
-11.347
-12.0415
-12.4935
-12.5837
-12.2007
-11.2709
-9.78427
-7.80752
-5.4782
-2.98221
-0.521178
1.72028
3.59832
5.02033
-2.97034
-2.83462
-2.81031
-2.83072
-2.89355
-3.01045
-3.19274
-3.44836
-3.78166
-4.19411
-4.68488
-5.25117
-5.88826
-6.59013
-7.34996
-8.1599
-9.00937
-9.88123
-10.7455
-11.5515
-12.2213
-12.6506
-12.7198
-12.3175
-11.3701
-9.86744
-7.87614
-5.53363
-3.02574
-0.553996
1.69709
3.58375
5.01347
-3.69444
-3.5652
-3.53564
-3.5506
-3.60517
-3.70937
-3.87398
-4.10702
-4.41325
-4.79467
-5.25117
-5.78083
-6.38007
-7.04384
-7.766
-8.53916
-9.35304
-10.1908
-11.0226
-11.7979
-12.4389
-12.8414
-12.8857
-12.4605
-11.4919
-9.96989
-7.96092
-5.60233
-3.07985
-0.594898
1.66811
3.56549
5.00484
-4.47619
-4.36206
-4.32878
-4.33882
-4.38574
-4.47799
-4.62567
-4.83673
-5.11622
-5.46659
-5.88826
-6.38007
-6.93943
-7.56236
-8.24365
-8.9765
-9.75108
-10.5508
-11.3462
-12.0868
-12.6951
-13.0668
-13.0823
-12.6304
-11.6372
-10.0924
-8.0626
-5.68494
-3.14507
-0.644325
1.633
3.54333
4.99435
-5.3076
-5.21635
-5.18119
-5.18689
-5.22684
-5.308
-5.4397
-5.62968
-5.88319
-6.20305
-6.59013
-7.04384
-7.56236
-8.14274
-8.78073
-9.47037
-10.2024
-10.9607
-11.716
-12.4182
-12.99
-13.3271
-13.3102
-12.8279
-11.8065
-10.2356
-8.1817
-5.78193
-3.22183
-0.70261
1.59151
3.51709
4.9819
-6.18174
-6.11938
-6.08443
-6.08639
-6.12008
-6.19105
-6.30784
-6.47788
-6.70648
-6.99674
-7.34996
-7.766
-8.24365
-8.78073
-9.37394
-10.0182
-10.7051
-11.4189
-12.131
-12.7914
-13.3232
-13.6222
-13.5693
-13.0532
-12.0001
-10.3998
-8.31858
-5.89364
-3.3104
-0.770002
1.54346
3.48664
4.96744
-7.09204
-7.06205
-7.02957
-7.02844
-7.05655
-7.11825
-7.22127
-7.37264
-7.57759
-7.83947
-8.1599
-8.53916
-8.9765
-9.47037
-10.0182
-10.6158
-11.2556
-11.9226
-12.5887
-13.2045
-13.6933
-13.9511
-13.8591
-13.3059
-12.218
-10.585
-8.47343
-6.02029
-3.41102
-0.846689
1.4887
3.45189
4.9509
-8.03015
-8.03304
-8.00537
-8.00176
-8.02496
-8.0783
-8.1687
-8.30273
-8.48548
-8.72039
-9.00937
-9.35304
-9.75108
-10.2024
-10.7051
-11.2556
-11.8472
-12.4658
-13.084
-13.6529
-14.0963
-14.3107
-14.1771
-13.5845
-12.4591
-10.7908
-8.64603
-6.16187
-3.52377
-0.932794
1.4271
3.41275
4.93225
-8.98141
-9.01497
-8.99432
-8.98887
-9.0078
-9.05364
-9.13255
-9.25059
-9.41265
-9.62216
-9.88123
-10.1908
-10.5508
-10.9607
-11.4189
-11.9226
-12.4658
-13.0353
-13.6045
-14.1254
-14.5225
-14.6925
-14.5166
-13.8837
-12.7198
-11.0148
-8.83506
-6.31773
-3.64841
-1.02828
1.35863
3.36916
4.91146
-9.91755
-9.97816
-9.96631
-9.95967
-9.9749
-10.0141
-10.0826
-10.186
-10.3289
-10.5147
-10.7455
-11.0226
-11.3462
-11.716
-12.131
-12.5887
-13.084
-13.6045
-14.1248
-14.5981
-14.9496
-15.0768
-14.8608
-14.1901
-12.9901
-11.25
-9.03598
-6.48524
-3.78359
-1.13256
1.28349
3.32115
4.8885
-10.7879
-10.8727
-10.8707
-10.8635
-10.8756
-10.9088
-10.9679
-11.058
-11.1833
-11.347
-11.5515
-11.7979
-12.0868
-12.4182
-12.7914
-13.2045
-13.6529
-14.1254
-14.5981
-15.0256
-15.3349
-15.4244
-15.1751
-14.4746
-13.2468
-11.4793
-9.23707
-6.65695
-3.925
-1.24342
1.20263
3.26907
4.86346
-11.5124
-11.6219
-11.6299
-11.6228
-11.6322
-11.6602
-11.711
-11.7889
-11.8981
-12.0415
-12.2213
-12.4389
-12.6951
-12.99
-13.3232
-13.6933
-14.0963
-14.5225
-14.9496
-15.3349
-15.6079
-15.6687
-15.3988
-14.6842
-13.446
-11.6684
-9.4133
-6.81597
-4.06218
-1.355
1.11897
3.21409
4.83666
-11.9832
-12.1228
-12.1399
-12.1334
-12.1407
-12.1641
-12.2073
-12.2744
-12.3688
-12.4935
-12.6506
-12.8414
-13.0668
-13.3271
-13.6222
-13.9511
-14.3107
-14.6925
-15.0768
-15.4244
-15.6687
-15.7132
-15.4411
-14.7366
-13.5166
-11.7591
-9.52006
-6.93045
-4.17417
-1.45473
1.03917
3.1592
4.80905
-12.0772
-12.2571
-12.2817
-12.2764
-12.2818
-12.3012
-12.3378
-12.395
-12.4761
-12.5837
-12.7198
-12.8857
-13.0823
-13.3102
-13.5693
-13.8591
-14.1771
-14.5166
-14.8608
-15.1751
-15.3988
-15.4411
-15.1885
-14.525
-13.3619
-11.6683
-9.49025
-6.94981
-4.22571
-1.52025
0.97589
3.11044
4.78268
-11.6825
-11.9142
-11.9446
-11.9406
-11.9447
-11.9606
-11.9913
-12.0397
-12.1087
-12.2007
-12.3175
-12.4605
-12.6304
-12.8279
-13.0532
-13.3059
-13.5845
-13.8837
-14.1901
-14.4746
-14.6842
-14.7366
-14.525
-13.935
-12.8731
-11.2975
-9.23938
-6.8065
-4.16695
-1.51797
0.949266
3.07803
4.76126
-10.7291
-11.0209
-11.0555
-11.0531
-11.056
-11.069
-11.0944
-11.1349
-11.193
-11.2709
-11.3701
-11.4919
-11.6372
-11.8065
-12.0001
-12.218
-12.4591
-12.7198
-12.9901
-13.2468
-13.446
-13.5166
-13.3619
-12.8731
-11.9544
-10.5526
-8.68065
-6.42593
-3.93883
-1.40545
0.986372
3.07654
4.7504
-9.21562
-9.56756
-9.60507
-9.60409
-9.60623
-9.61659
-9.63741
-9.67092
-9.71926
-9.78427
-9.86744
-9.96989
-10.0924
-10.2356
-10.3998
-10.585
-10.7908
-11.0148
-11.25
-11.4793
-11.6684
-11.7591
-11.6683
-11.2975
-10.5526
-9.37136
-7.7476
-5.74364
-3.48492
-1.13846
1.11767
3.12352
4.75728
-7.2208
-7.62091
-7.66042
-7.66078
-7.66232
-7.67048
-7.68725
-7.71451
-7.75408
-7.80752
-7.87614
-7.96092
-8.0626
-8.1817
-8.31858
-8.47343
-8.64603
-8.83506
-9.03598
-9.23707
-9.4133
-9.52006
-9.49025
-9.23938
-8.68065
-7.7476
-6.41729
-4.72536
-2.76679
-0.681451
1.37076
3.23643
4.7896
-4.8944
-5.319
-5.35961
-5.36109
-5.36221
-5.3685
-5.38173
-5.40345
-5.43517
-5.4782
-5.53363
-5.60233
-5.68494
-5.78193
-5.89364
-6.02029
-6.16187
-6.31773
-6.48524
-6.65695
-6.81597
-6.93045
-6.94981
-6.8065
-6.42593
-5.74364
-4.72536
-3.38261
-1.77815
-0.0185863
1.76304
3.42857
4.85401
-2.43139
-2.84855
-2.889
-2.8913
-2.89213
-2.89684
-2.90698
-2.92381
-2.94853
-2.98221
-3.02574
-3.07985
-3.14507
-3.22183
-3.3104
-3.41102
-3.52377
-3.64841
-3.78359
-3.925
-4.06218
-4.17417
-4.22571
-4.16695
-3.93883
-3.48492
-2.76679
-1.77815
-0.552443
0.838767
2.2959
3.70545
4.95444
-0.0366422
-0.412256
-0.450602
-0.453393
-0.454024
-0.457407
-0.464867
-0.477381
-0.495875
-0.521178
-0.553996
-0.594898
-0.644325
-0.70261
-0.770002
-0.846689
-0.932794
-1.02828
-1.13256
-1.24342
-1.355
-1.45473
-1.52025
-1.51797
-1.40545
-1.13846
-0.681451
-0.0185863
0.838767
1.85055
2.95243
4.06305
5.09121
2.10846
1.80415
1.77058
1.7677
1.76722
1.76495
1.7598
1.75108
1.73811
1.72028
1.69709
1.66811
1.633
1.59151
1.54346
1.4887
1.4271
1.35863
1.28349
1.20263
1.11897
1.03917
0.97589
0.949266
0.986372
1.11767
1.37076
1.76304
2.2959
2.95243
3.69909
4.48864
5.26139
3.86797
3.65594
3.63032
3.62783
3.62749
3.62612
3.62297
3.61757
3.60948
3.59832
3.58375
3.56549
3.54333
3.51709
3.48664
3.45189
3.41275
3.36916
3.32115
3.26907
3.21409
3.1592
3.11044
3.07803
3.07654
3.12352
3.23643
3.42857
3.70545
4.06305
4.48864
4.96296
5.46069
5.15829
5.05004
5.03567
5.03412
5.03393
5.03332
5.03187
5.02936
5.02557
5.02033
5.01347
5.00484
4.99435
4.9819
4.96744
4.9509
4.93225
4.91146
4.8885
4.86346
4.83666
4.80905
4.78268
4.76126
4.7504
4.75728
4.7896
4.85401
4.95444
5.09121
5.26139
5.46069
5.68681
