3.54732e-14
4.3298e-12
2.70235e-10
7.41385e-09
1.12522e-07
1.08445e-06
7.29455e-06
3.67233e-05
0.000146057
0.000478933
0.00133954
0.0032836
0.00720957
0.014429
0.0266979
0.046199
0.0754761
0.117327
0.174669
0.250396
0.347231
0.467606
0.613552
0.786628
0.987874
1.2178
1.47637
1.76307
2.07693
2.41656
2.78026
3.16604
3.57174
3.99501
4.43346
4.88464
5.34614
5.81559
6.29072
6.76936
7.24948
7.7292
8.20682
8.68083
9.05145
9.32059
9.50227
9.61657
9.68382
9.72091
9.74012
9.74942
9.75358
9.75522
9.7557
9.75569
9.75548
9.75523
9.75497
9.75474
9.75452
9.75434
9.75418
9.75403
9.75391
9.7538
9.75371
9.75363
9.75356
9.7535
9.75345
9.7534
9.75336
9.75333
9.7533
9.75327
9.75325
9.75323
9.75321
9.7532
9.75319
9.75317
9.75316
9.75315
9.75314
9.75313
9.75312
9.75311
9.75311
9.7531
9.75309
9.75308
9.75307
9.75307
9.75308
9.7531
9.75313
9.7532
4.32887e-12
8.54348e-12
2.724e-10
7.36771e-09
1.11842e-07
1.07841e-06
7.25673e-06
3.65425e-05
0.000145361
0.000476698
0.00133335
0.00326847
0.00717624
0.0143619
0.0265731
0.0459836
0.0751281
0.116797
0.173906
0.249348
0.34586
0.46589
0.611498
0.784281
0.985328
1.2152
1.47393
1.76108
2.07573
2.41659
2.78204
3.17021
3.57902
4.00623
4.44953
4.90658
5.37504
5.85262
6.33712
6.82645
7.31862
7.8118
8.29095
8.71541
9.05988
9.31682
9.49437
9.60811
9.67611
9.71426
9.73446
9.74455
9.74926
9.75117
9.75151
9.7518
9.75204
9.75223
9.7524
9.75254
9.75265
9.75275
9.75283
9.75289
9.75295
9.75299
9.75303
9.75306
9.75309
9.75312
9.75313
9.75315
9.75316
9.75318
9.75319
9.7532
9.7532
9.75321
9.75322
9.75322
9.75323
9.75323
9.75324
9.75324
9.75324
9.75325
9.75325
9.75326
9.75326
9.75326
9.75327
9.75327
9.75327
9.75328
9.75328
9.75328
9.75329
9.75329
2.70171e-10
2.72347e-10
5.3714e-10
7.64194e-09
1.12232e-07
1.07982e-06
7.2637e-06
3.65721e-05
0.000145466
0.000477006
0.00133413
0.00327021
0.00717968
0.0143679
0.0265828
0.0459975
0.0751462
0.116818
0.173926
0.249362
0.34586
0.465865
0.611439
0.784177
0.98517
1.21498
1.47366
1.76075
2.07537
2.41623
2.78171
3.16992
3.57879
4.00608
4.44948
4.90665
5.37525
5.85301
6.33771
6.82727
7.31972
7.81321
8.29239
8.71676
9.06088
9.31753
9.49446
9.60781
9.67567
9.71383
9.7341
9.74432
9.74924
9.75149
9.75249
9.75291
9.75308
9.75315
9.75318
9.75319
9.7532
9.7532
9.7532
9.7532
9.75321
9.75321
9.75321
9.75321
9.75322
9.75322
9.75322
9.75322
9.75322
9.75323
9.75323
9.75323
9.75323
9.75324
9.75324
9.75324
9.75324
9.75325
9.75325
9.75325
9.75325
9.75326
9.75326
9.75326
9.75327
9.75327
9.75327
9.75327
9.75328
9.75328
9.75328
9.75329
9.75329
9.75329
7.41185e-09
7.36627e-09
7.63853e-09
1.47356e-08
1.1929e-07
1.08669e-06
7.26992e-06
3.65766e-05
0.000145466
0.000476997
0.00133411
0.00327016
0.0071796
0.0143679
0.0265827
0.0459976
0.0751465
0.116819
0.173927
0.249365
0.345864
0.465871
0.611446
0.784184
0.985175
1.21498
1.47365
1.76073
2.07534
2.41619
2.78166
3.16987
3.57873
4.00602
4.44942
4.90659
5.3752
5.85296
6.33767
6.82724
7.31969
7.81319
8.29239
8.71676
9.06089
9.31755
9.49447
9.6078
9.67564
9.71379
9.73406
9.74428
9.7492
9.75147
9.75247
9.7529
9.75308
9.75315
9.75318
9.75319
9.7532
9.7532
9.7532
9.75321
9.75321
9.75321
9.75321
9.75322
9.75322
9.75322
9.75322
9.75323
9.75323
9.75323
9.75323
9.75323
9.75324
9.75324
9.75324
9.75324
9.75325
9.75325
9.75325
9.75325
9.75326
9.75326
9.75326
9.75327
9.75327
9.75327
9.75327
9.75328
9.75328
9.75328
9.75328
9.75329
9.75329
9.75329
1.12487e-07
1.11825e-07
1.12177e-07
1.19216e-07
2.23675e-07
1.19076e-06
7.37308e-06
3.66776e-05
0.000145563
0.000477088
0.00133419
0.00327023
0.00717966
0.0143679
0.0265827
0.0459976
0.0751465
0.116819
0.173927
0.249365
0.345864
0.465872
0.611446
0.784184
0.985175
1.21498
1.47365
1.76074
2.07534
2.41619
2.78166
3.16987
3.57873
4.00601
4.44941
4.90658
5.37519
5.85295
6.33766
6.82723
7.31968
7.81319
8.29239
8.71676
9.06089
9.31755
9.49447
9.6078
9.67564
9.71379
9.73406
9.74428
9.7492
9.75147
9.75247
9.7529
9.75308
9.75315
9.75318
9.75319
9.7532
9.7532
9.7532
9.75321
9.75321
9.75321
9.75321
9.75322
9.75322
9.75322
9.75322
9.75323
9.75323
9.75323
9.75323
9.75323
9.75324
9.75324
9.75324
9.75324
9.75325
9.75325
9.75325
9.75325
9.75326
9.75326
9.75326
9.75327
9.75327
9.75327
9.75327
9.75328
9.75328
9.75328
9.75328
9.75329
9.75329
9.75329
1.08406e-06
1.07811e-06
1.07925e-06
1.08588e-06
1.18976e-06
2.15522e-06
8.33285e-06
3.76259e-05
0.000146488
0.000477973
0.00133502
0.00327098
0.00718032
0.0143685
0.0265832
0.045998
0.0751468
0.116819
0.173928
0.249365
0.345864
0.465872
0.611446
0.784184
0.985175
1.21498
1.47365
1.76074
2.07534
2.41619
2.78166
3.16987
3.57873
4.00601
4.44941
4.90658
5.37519
5.85295
6.33766
6.82723
7.31968
7.81319
8.29238
8.71676
9.06089
9.31755
9.49447
9.6078
9.67564
9.71379
9.73405
9.74428
9.7492
9.75147
9.75247
9.7529
9.75308
9.75315
9.75318
9.75319
9.7532
9.7532
9.7532
9.75321
9.75321
9.75321
9.75321
9.75322
9.75322
9.75322
9.75322
9.75323
9.75323
9.75323
9.75323
9.75323
9.75324
9.75324
9.75324
9.75324
9.75325
9.75325
9.75325
9.75325
9.75326
9.75326
9.75326
9.75327
9.75327
9.75327
9.75327
9.75328
9.75328
9.75328
9.75328
9.75329
9.75329
9.75329
7.29146e-06
7.25386e-06
7.25957e-06
7.264e-06
7.36497e-06
8.32397e-06
1.44842e-05
4.37334e-05
0.000152502
0.000483818
0.0013406
0.0032762
0.00718509
0.0143727
0.0265869
0.0460011
0.0751494
0.116821
0.173929
0.249366
0.345865
0.465872
0.611447
0.784185
0.985176
1.21498
1.47365
1.76074
2.07534
2.41619
2.78166
3.16987
3.57873
4.00601
4.44941
4.90658
5.37519
5.85295
6.33766
6.82723
7.31968
7.81319
8.29238
8.71676
9.06089
9.31755
9.49447
9.6078
9.67564
9.71379
9.73405
9.74428
9.7492
9.75147
9.75247
9.7529
9.75308
9.75315
9.75318
9.75319
9.7532
9.7532
9.7532
9.75321
9.75321
9.75321
9.75321
9.75322
9.75322
9.75322
9.75322
9.75323
9.75323
9.75323
9.75323
9.75323
9.75324
9.75324
9.75324
9.75324
9.75325
9.75325
9.75325
9.75325
9.75326
9.75326
9.75326
9.75327
9.75327
9.75327
9.75327
9.75328
9.75328
9.75328
9.75328
9.75329
9.75329
9.75329
3.67052e-05
3.65254e-05
3.65492e-05
3.6544e-05
3.66328e-05
3.75696e-05
4.36784e-05
7.27994e-05
0.000181283
0.000512059
0.00136795
0.00330226
0.00720946
0.014395
0.0266069
0.0460187
0.0751646
0.116834
0.17394
0.249375
0.345872
0.465878
0.611451
0.784188
0.985178
1.21498
1.47365
1.76074
2.07534
2.41619
2.78166
3.16987
3.57873
4.00601
4.44941
4.90658
5.37519
5.85295
6.33766
6.82723
7.31968
7.81319
8.29238
8.71676
9.06089
9.31755
9.49447
9.6078
9.67564
9.71379
9.73405
9.74428
9.7492
9.75147
9.75247
9.7529
9.75308
9.75315
9.75318
9.75319
9.7532
9.7532
9.7532
9.75321
9.75321
9.75321
9.75321
9.75322
9.75322
9.75322
9.75322
9.75323
9.75323
9.75323
9.75323
9.75323
9.75324
9.75324
9.75324
9.75324
9.75325
9.75325
9.75325
9.75325
9.75326
9.75326
9.75326
9.75327
9.75327
9.75327
9.75327
9.75328
9.75328
9.75328
9.75328
9.75329
9.75329
9.75329
0.000145973
0.000145282
0.000145361
0.000145323
0.000145369
0.000146237
0.000152214
0.000181028
0.000288819
0.000618223
0.00147175
0.00340247
0.00730473
0.0144841
0.0266887
0.0460925
0.07523
0.116891
0.173989
0.249416
0.345906
0.465906
0.611474
0.784206
0.985192
1.215
1.47366
1.76074
2.07535
2.41619
2.78166
3.16987
3.57873
4.00601
4.44941
4.90658
5.37519
5.85295
6.33766
6.82723
7.31968
7.81319
8.29238
8.71676
9.06089
9.31755
9.49447
9.6078
9.67564
9.71379
9.73405
9.74428
9.7492
9.75147
9.75247
9.7529
9.75308
9.75315
9.75318
9.75319
9.7532
9.7532
9.7532
9.75321
9.75321
9.75321
9.75321
9.75322
9.75322
9.75322
9.75322
9.75323
9.75323
9.75323
9.75323
9.75323
9.75324
9.75324
9.75324
9.75324
9.75325
9.75325
9.75325
9.75325
9.75326
9.75326
9.75326
9.75327
9.75327
9.75327
9.75327
9.75328
9.75328
9.75328
9.75328
9.75329
9.75329
9.75329
0.00047862
0.000476393
0.000476614
0.000476482
0.000476397
0.000477074
0.000482739
0.000510914
0.000617292
0.000943812
0.00179216
0.00371465
0.00760515
0.0147691
0.026955
0.0463374
0.0754516
0.117088
0.174162
0.249566
0.346034
0.466013
0.611563
0.78428
0.985252
1.21504
1.4737
1.76077
2.07537
2.41621
2.78167
3.16988
3.57873
4.00602
4.44941
4.90658
5.37519
5.85295
6.33766
6.82723
7.31968
7.81319
8.29238
8.71676
9.06089
9.31755
9.49447
9.6078
9.67564
9.71379
9.73405
9.74428
9.7492
9.75147
9.75247
9.7529
9.75308
9.75315
9.75318
9.75319
9.7532
9.7532
9.7532
9.75321
9.75321
9.75321
9.75321
9.75322
9.75322
9.75322
9.75322
9.75323
9.75323
9.75323
9.75323
9.75323
9.75324
9.75324
9.75324
9.75324
9.75325
9.75325
9.75325
9.75325
9.75326
9.75326
9.75326
9.75327
9.75327
9.75327
9.75327
9.75328
9.75328
9.75328
9.75328
9.75329
9.75329
9.75329
0.00133854
0.00133237
0.00133287
0.00133247
0.00133208
0.00133228
0.00133726
0.00136422
0.00146806
0.00178937
0.00262804
0.00453453
0.00840127
0.015533
0.0276782
0.0470125
0.0760728
0.117652
0.174666
0.250011
0.346421
0.466346
0.611846
0.784517
0.98545
1.21521
1.47383
1.76088
2.07546
2.41628
2.78173
3.16992
3.57876
4.00604
4.44943
4.90659
5.3752
5.85295
6.33766
6.82723
7.31968
7.81319
8.29238
8.71676
9.06089
9.31755
9.49447
9.6078
9.67564
9.71379
9.73405
9.74428
9.7492
9.75147
9.75247
9.7529
9.75308
9.75315
9.75318
9.75319
9.7532
9.7532
9.7532
9.75321
9.75321
9.75321
9.75321
9.75322
9.75322
9.75322
9.75322
9.75323
9.75323
9.75323
9.75323
9.75323
9.75324
9.75324
9.75324
9.75324
9.75325
9.75325
9.75325
9.75325
9.75326
9.75326
9.75326
9.75327
9.75327
9.75327
9.75327
9.75328
9.75328
9.75328
9.75328
9.75329
9.75329
9.75329
0.00328085
0.00326571
0.0032667
0.00326561
0.00326455
0.00326373
0.00326726
0.00329201
0.00339173
0.00370467
0.00452741
0.00640667
0.0102315
0.0173044
0.029373
0.048614
0.0775665
0.119027
0.175915
0.251131
0.347414
0.467215
0.612598
0.78516
0.985994
1.21566
1.47421
1.76119
2.07571
2.41648
2.78189
3.17004
3.57886
4.00612
4.44949
4.90664
5.37523
5.85298
6.33768
6.82724
7.31969
7.81319
8.29238
8.71676
9.06089
9.31755
9.49447
9.6078
9.67564
9.71379
9.73405
9.74428
9.7492
9.75147
9.75247
9.7529
9.75308
9.75315
9.75318
9.75319
9.7532
9.7532
9.7532
9.75321
9.75321
9.75321
9.75321
9.75322
9.75322
9.75322
9.75322
9.75323
9.75323
9.75323
9.75323
9.75323
9.75324
9.75324
9.75324
9.75324
9.75325
9.75325
9.75325
9.75325
9.75326
9.75326
9.75326
9.75327
9.75327
9.75327
9.75327
9.75328
9.75328
9.75328
9.75328
9.75329
9.75329
9.75329
0.00720283
0.00716937
0.00717097
0.00716835
0.00716579
0.00716309
0.00716382
0.0071847
0.00727804
0.00757869
0.00837782
0.0102155
0.0139743
0.0209514
0.0328917
0.0519714
0.0807327
0.121977
0.17863
0.2536
0.349632
0.469186
0.614329
0.786666
0.987289
1.21676
1.47514
1.76197
2.07635
2.41701
2.78231
3.17039
3.57913
4.00633
4.44965
4.90676
5.37532
5.85304
6.33773
6.82727
7.31971
7.8132
8.29239
8.71676
9.06089
9.31755
9.49447
9.6078
9.67564
9.71379
9.73405
9.74428
9.7492
9.75147
9.75247
9.7529
9.75308
9.75315
9.75318
9.75319
9.7532
9.7532
9.7532
9.75321
9.75321
9.75321
9.75321
9.75322
9.75322
9.75322
9.75322
9.75323
9.75323
9.75323
9.75323
9.75323
9.75324
9.75324
9.75324
9.75324
9.75325
9.75325
9.75325
9.75325
9.75326
9.75326
9.75326
9.75327
9.75327
9.75327
9.75327
9.75328
9.75328
9.75328
9.75328
9.75329
9.75329
9.75329
0.0144141
0.0143464
0.0143485
0.0143427
0.0143371
0.0143313
0.0143269
0.0143412
0.0144249
0.0147086
0.0154756
0.0172554
0.0209193
0.0277547
0.0394995
0.0583272
0.0867819
0.12767
0.183929
0.258475
0.354068
0.473177
0.617882
0.789796
0.990018
1.21912
1.47715
1.76367
2.07778
2.4182
2.78329
3.17118
3.57977
4.00684
4.45005
4.90707
5.37555
5.85322
6.33785
6.82736
7.31977
7.81324
8.2924
8.71676
9.06089
9.31755
9.49447
9.6078
9.67564
9.71379
9.73405
9.74428
9.7492
9.75147
9.75247
9.7529
9.75308
9.75315
9.75318
9.75319
9.7532
9.7532
9.7532
9.75321
9.75321
9.75321
9.75321
9.75322
9.75322
9.75322
9.75322
9.75323
9.75323
9.75323
9.75323
9.75323
9.75324
9.75324
9.75324
9.75324
9.75325
9.75325
9.75325
9.75325
9.75326
9.75326
9.75326
9.75327
9.75327
9.75327
9.75327
9.75328
9.75328
9.75328
9.75328
9.75329
9.75329
9.75329
0.0266677
0.0265413
0.0265428
0.0265313
0.0265198
0.0265081
0.0264961
0.0264995
0.026569
0.0268303
0.027556
0.0292608
0.0327988
0.0394406
0.050911
0.0693761
0.0973784
0.137731
0.19338
0.26726
0.362146
0.480528
0.624501
0.795696
0.995226
1.22367
1.48109
1.76705
2.08065
2.42061
2.7853
3.17284
3.58113
4.00793
4.45092
4.90775
5.37608
5.85361
6.33814
6.82757
7.3199
7.81332
8.29244
8.71678
9.06089
9.31755
9.49447
9.6078
9.67564
9.71379
9.73405
9.74428
9.7492
9.75147
9.75247
9.7529
9.75308
9.75315
9.75318
9.75319
9.7532
9.7532
9.7532
9.75321
9.75321
9.75321
9.75321
9.75322
9.75322
9.75322
9.75322
9.75323
9.75323
9.75323
9.75323
9.75323
9.75324
9.75324
9.75324
9.75324
9.75325
9.75325
9.75325
9.75325
9.75326
9.75326
9.75326
9.75327
9.75327
9.75327
9.75327
9.75328
9.75328
9.75328
9.75328
9.75329
9.75329
9.75329
0.0461424
0.045923
0.0459214
0.0459
0.0458783
0.0458564
0.0458341
0.0458201
0.0458685
0.0461005
0.046776
0.0483893
0.0517704
0.0581649
0.0692759
0.0872539
0.114635
0.154234
0.209011
0.281916
0.37575
0.493028
0.635873
0.805939
1.00436
1.23175
1.48816
1.77318
2.08592
2.42509
2.78908
3.17599
3.58373
4.01005
4.45263
4.90911
5.37714
5.85443
6.33875
6.828
7.3202
7.8135
8.29252
8.71681
9.0609
9.31755
9.49447
9.6078
9.67564
9.71379
9.73405
9.74428
9.7492
9.75147
9.75247
9.7529
9.75308
9.75315
9.75318
9.75319
9.7532
9.7532
9.7532
9.75321
9.75321
9.75321
9.75321
9.75322
9.75322
9.75322
9.75322
9.75323
9.75323
9.75323
9.75323
9.75323
9.75324
9.75324
9.75324
9.75324
9.75325
9.75325
9.75325
9.75325
9.75326
9.75326
9.75326
9.75327
9.75327
9.75327
9.75327
9.75328
9.75328
9.75328
9.75328
9.75329
9.75329
9.75329
0.0753766
0.0750198
0.0750104
0.0749727
0.0749346
0.0748961
0.074857
0.0748199
0.0748376
0.0750317
0.0756475
0.0771546
0.0803508
0.086447
0.0971137
0.114476
0.141053
0.179659
0.233259
0.304828
0.397193
0.512903
0.654118
0.822528
1.0193
1.24508
1.49995
1.7835
2.09488
2.43279
2.79564
3.18152
3.58834
4.01386
4.45573
4.9116
5.37911
5.85595
6.3399
6.82884
7.32078
7.81388
8.29271
8.71688
9.06092
9.31755
9.49447
9.6078
9.67564
9.71379
9.73405
9.74428
9.7492
9.75147
9.75247
9.7529
9.75308
9.75315
9.75318
9.75319
9.7532
9.7532
9.7532
9.75321
9.75321
9.75321
9.75321
9.75322
9.75322
9.75322
9.75322
9.75323
9.75323
9.75323
9.75323
9.75323
9.75324
9.75324
9.75324
9.75324
9.75325
9.75325
9.75325
9.75325
9.75326
9.75326
9.75326
9.75327
9.75327
9.75327
9.75327
9.75328
9.75328
9.75328
9.75328
9.75329
9.75329
9.75329
0.117162
0.116615
0.116589
0.116527
0.116463
0.116399
0.116334
0.116268
0.116242
0.116386
0.116933
0.118321
0.121309
0.127062
0.137206
0.153827
0.179418
0.216779
0.26888
0.338712
0.429135
0.542738
0.681729
0.847845
1.0423
1.26578
1.51842
1.79983
2.10918
2.4452
2.80631
3.19061
3.596
4.02023
4.46098
4.91586
5.38251
5.85862
6.34194
6.83035
7.32185
7.81458
8.29307
8.71703
9.06097
9.31757
9.49448
9.6078
9.67564
9.71379
9.73405
9.74428
9.7492
9.75147
9.75247
9.7529
9.75308
9.75315
9.75318
9.75319
9.7532
9.7532
9.7532
9.75321
9.75321
9.75321
9.75321
9.75322
9.75322
9.75322
9.75322
9.75323
9.75323
9.75323
9.75323
9.75323
9.75324
9.75324
9.75324
9.75324
9.75325
9.75325
9.75325
9.75325
9.75326
9.75326
9.75326
9.75327
9.75327
9.75327
9.75327
9.75328
9.75328
9.75328
9.75328
9.75329
9.75329
9.75329
0.174409
0.173613
0.173559
0.17346
0.173359
0.173257
0.173155
0.173051
0.172967
0.173047
0.173513
0.174772
0.177533
0.182908
0.192464
0.208232
0.232665
0.268535
0.318808
0.386487
0.474464
0.585371
0.721471
0.884563
1.07593
1.2963
1.54586
1.82429
2.13079
2.46412
2.82271
3.20469
3.60797
4.0303
4.46934
4.92271
5.38804
5.86299
6.34532
6.83288
7.32367
7.81579
8.29372
8.71732
9.06108
9.3176
9.49448
9.60781
9.67564
9.71379
9.73405
9.74428
9.7492
9.75147
9.75247
9.7529
9.75308
9.75315
9.75318
9.75319
9.7532
9.7532
9.7532
9.75321
9.75321
9.75321
9.75321
9.75322
9.75322
9.75322
9.75322
9.75323
9.75323
9.75323
9.75323
9.75323
9.75324
9.75324
9.75324
9.75324
9.75325
9.75325
9.75325
9.75325
9.75326
9.75326
9.75326
9.75327
9.75327
9.75327
9.75327
9.75328
9.75328
9.75328
9.75328
9.75329
9.75329
9.75329
0.250003
0.2489
0.2488
0.248649
0.248496
0.248341
0.248186
0.248029
0.247875
0.247872
0.248245
0.249364
0.251888
0.25686
0.265777
0.280601
0.303725
0.337881
0.386014
0.451131
0.536149
0.643748
0.77625
0.935524
1.12293
1.33926
1.5848
1.85927
2.16193
2.4916
2.84673
3.22548
3.62579
4.0454
4.48199
4.93317
5.39655
5.86979
6.35063
6.83691
7.3266
7.81779
8.29483
8.71784
9.06129
9.31767
9.4945
9.60781
9.67564
9.71379
9.73405
9.74428
9.7492
9.75147
9.75247
9.7529
9.75308
9.75315
9.75318
9.75319
9.7532
9.7532
9.7532
9.75321
9.75321
9.75321
9.75321
9.75322
9.75322
9.75322
9.75322
9.75323
9.75323
9.75323
9.75323
9.75323
9.75324
9.75324
9.75324
9.75324
9.75325
9.75325
9.75325
9.75325
9.75326
9.75326
9.75326
9.75327
9.75327
9.75327
9.75327
9.75328
9.75328
9.75328
9.75328
9.75329
9.75329
9.75329
0.346661
0.345199
0.34503
0.344809
0.344585
0.344359
0.344133
0.343905
0.343669
0.343559
0.343824
0.344795
0.347074
0.351629
0.359874
0.373687
0.395382
0.427633
0.473346
0.535521
0.617089
0.720775
0.848961
1.00359
1.18612
1.39743
1.63789
1.9073
2.20501
2.52988
2.88045
3.25489
3.65118
4.06709
4.5003
4.94842
5.40906
5.87987
6.35858
6.843
7.33109
7.82092
8.29661
8.71871
9.06165
9.31779
9.49454
9.60782
9.67564
9.71379
9.73405
9.74428
9.7492
9.75147
9.75247
9.7529
9.75308
9.75315
9.75318
9.75319
9.7532
9.7532
9.7532
9.75321
9.75321
9.75321
9.75321
9.75322
9.75322
9.75322
9.75322
9.75323
9.75323
9.75323
9.75323
9.75323
9.75324
9.75324
9.75324
9.75324
9.75325
9.75325
9.75325
9.75325
9.75326
9.75326
9.75326
9.75327
9.75327
9.75327
9.75327
9.75328
9.75328
9.75328
9.75328
9.75329
9.75329
9.75329
0.466807
0.464949
0.464682
0.46437
0.464053
0.463735
0.463415
0.463095
0.462769
0.462521
0.462658
0.463473
0.465503
0.469639
0.477197
0.489957
0.510138
0.540334
0.583397
0.642296
0.719969
0.819171
0.942348
1.09153
1.26824
1.4735
1.70776
1.97094
2.26247
2.58132
2.92606
3.29497
3.68603
4.09708
4.5258
4.96981
5.42674
5.89422
6.36997
6.85181
7.33766
7.82557
8.29935
8.72009
9.06225
9.31802
9.49461
9.60784
9.67564
9.71379
9.73405
9.74428
9.7492
9.75147
9.75247
9.7529
9.75308
9.75315
9.75318
9.75319
9.7532
9.7532
9.7532
9.75321
9.75321
9.75321
9.75321
9.75322
9.75322
9.75322
9.75322
9.75323
9.75323
9.75323
9.75323
9.75323
9.75324
9.75324
9.75324
9.75324
9.75325
9.75325
9.75325
9.75325
9.75326
9.75326
9.75326
9.75327
9.75327
9.75327
9.75327
9.75328
9.75328
9.75328
9.75328
9.75329
9.75329
9.75329
0.612466
0.610201
0.609803
0.609375
0.60894
0.608504
0.608067
0.60763
0.607188
0.606783
0.606772
0.60742
0.609202
0.612922
0.619795
0.631486
0.650105
0.678145
0.71838
0.773734
0.84713
0.941343
1.05887
1.20182
1.37183
1.57001
1.79694
2.05268
2.33674
2.64822
2.98579
3.34779
3.7323
4.13716
4.56012
4.99882
5.45089
5.91396
6.38574
6.86405
7.34679
7.83223
8.30336
8.72219
9.0632
9.3184
9.49474
9.60788
9.67565
9.71379
9.73406
9.74428
9.7492
9.75147
9.75247
9.7529
9.75308
9.75315
9.75318
9.75319
9.7532
9.7532
9.7532
9.75321
9.75321
9.75321
9.75321
9.75322
9.75322
9.75322
9.75322
9.75323
9.75323
9.75323
9.75323
9.75323
9.75324
9.75324
9.75324
9.75324
9.75325
9.75325
9.75325
9.75325
9.75326
9.75326
9.75326
9.75327
9.75327
9.75327
9.75327
9.75328
9.75328
9.75328
9.75328
9.75329
9.75329
9.75329
0.785194
0.782544
0.781977
0.781405
0.780825
0.780244
0.779661
0.77908
0.778495
0.777913
0.777731
0.778201
0.779736
0.783052
0.789254
0.799886
0.816929
0.842759
0.880052
0.931661
1.00048
1.08928
1.2006
1.33662
1.49908
1.68921
1.90772
2.15478
2.43008
2.73282
3.06179
3.41544
3.79192
4.18917
4.60498
5.03701
5.4829
5.94032
6.40696
6.88064
7.35927
7.84142
8.30904
8.72524
9.06464
9.319
9.49496
9.60794
9.67567
9.71379
9.73406
9.74428
9.7492
9.75147
9.75247
9.7529
9.75308
9.75315
9.75318
9.75319
9.7532
9.7532
9.7532
9.75321
9.75321
9.75321
9.75321
9.75322
9.75322
9.75322
9.75322
9.75323
9.75323
9.75323
9.75323
9.75323
9.75324
9.75324
9.75324
9.75324
9.75325
9.75325
9.75325
9.75325
9.75326
9.75326
9.75326
9.75327
9.75327
9.75327
9.75327
9.75328
9.75328
9.75328
9.75328
9.75329
9.75329
9.75329
0.986027
0.983059
0.982283
0.981538
0.980783
0.980027
0.97927
0.978515
0.977759
0.976977
0.976599
0.976878
0.978167
0.981093
0.986651
0.996252
1.01174
1.03535
1.06965
1.11739
1.18141
1.26447
1.36913
1.49763
1.65179
1.83297
2.04202
2.27926
2.54452
2.83714
3.15607
3.49986
3.86679
4.2549
4.66203
5.08593
5.52425
5.97464
6.4348
6.90256
7.37586
7.85375
8.3168
8.72952
9.06673
9.3199
9.4953
9.60806
9.67571
9.7138
9.73406
9.74428
9.7492
9.75147
9.75247
9.7529
9.75308
9.75315
9.75318
9.75319
9.7532
9.7532
9.7532
9.75321
9.75321
9.75321
9.75321
9.75322
9.75322
9.75322
9.75322
9.75323
9.75323
9.75323
9.75323
9.75323
9.75324
9.75324
9.75324
9.75324
9.75325
9.75325
9.75325
9.75325
9.75326
9.75326
9.75326
9.75327
9.75327
9.75327
9.75327
9.75328
9.75328
9.75328
9.75328
9.75329
9.75329
9.75329
1.21547
1.2123
1.21128
1.21033
1.20937
1.20841
1.20744
1.20649
1.20553
1.20452
1.20392
1.204
1.20504
1.20759
1.21254
1.22115
1.23513
1.25657
1.28787
1.3317
1.3908
1.46789
1.56555
1.68604
1.83128
2.00274
2.2014
2.42774
2.68174
2.96292
3.27037
3.60281
3.95863
4.336
4.73288
5.14709
5.57637
6.01834
6.47061
6.93085
7.39755
7.86984
8.32712
8.73535
9.06966
9.32121
9.49582
9.60824
9.67576
9.71382
9.73406
9.74428
9.7492
9.75147
9.75247
9.7529
9.75308
9.75315
9.75318
9.75319
9.7532
9.7532
9.7532
9.75321
9.75321
9.75321
9.75321
9.75322
9.75322
9.75322
9.75322
9.75323
9.75323
9.75323
9.75323
9.75323
9.75324
9.75324
9.75324
9.75324
9.75325
9.75325
9.75325
9.75325
9.75326
9.75326
9.75326
9.75327
9.75327
9.75327
9.75327
9.75328
9.75328
9.75328
9.75328
9.75329
9.75329
9.75329
1.4735
1.47031
1.469
1.46782
1.46662
1.46542
1.46422
1.46303
1.46184
1.46059
1.45974
1.45959
1.46038
1.46258
1.46696
1.47465
1.48719
1.50651
1.53488
1.57481
1.62895
1.69997
1.7904
1.90254
2.03837
2.19947
2.38694
2.60142
2.84306
3.11156
3.40618
3.7258
4.06897
4.434
4.81896
5.22182
5.64047
6.07269
6.51599
6.9675
7.42647
7.89048
8.3405
8.74308
9.07365
9.32305
9.49658
9.60853
9.67586
9.71385
9.73407
9.74428
9.7492
9.75147
9.75247
9.7529
9.75308
9.75315
9.75318
9.75319
9.7532
9.7532
9.7532
9.75321
9.75321
9.75321
9.75321
9.75322
9.75322
9.75322
9.75322
9.75323
9.75323
9.75323
9.75323
9.75323
9.75324
9.75324
9.75324
9.75324
9.75325
9.75325
9.75325
9.75325
9.75326
9.75326
9.75326
9.75327
9.75327
9.75327
9.75327
9.75328
9.75328
9.75328
9.75328
9.75329
9.75329
9.75329
1.7596
1.75664
1.75501
1.75355
1.75208
1.75062
1.74915
1.74769
1.74624
1.74474
1.74361
1.74322
1.74376
1.74562
1.74946
1.75629
1.76747
1.78478
1.81032
1.84644
1.89568
1.9606
2.04369
2.14728
2.27336
2.4236
2.59924
2.80106
3.02938
3.28408
3.56461
3.87004
4.1991
4.55022
4.92161
5.31136
5.71749
6.13818
6.57191
7.01453
7.46318
7.91644
8.35745
8.75306
9.07893
9.32556
9.49766
9.60894
9.676
9.71389
9.73408
9.74429
9.7492
9.75147
9.75247
9.7529
9.75308
9.75315
9.75318
9.75319
9.7532
9.7532
9.7532
9.75321
9.75321
9.75321
9.75321
9.75322
9.75322
9.75322
9.75322
9.75323
9.75323
9.75323
9.75323
9.75323
9.75324
9.75324
9.75324
9.75324
9.75325
9.75325
9.75325
9.75325
9.75326
9.75326
9.75326
9.75327
9.75327
9.75327
9.75327
9.75328
9.75328
9.75328
9.75328
9.75329
9.75329
9.75329
2.07279
2.07039
2.06841
2.06665
2.06488
2.06312
2.06135
2.0596
2.05785
2.05607
2.05464
2.05399
2.05428
2.05581
2.05916
2.06519
2.07512
2.09055
2.11339
2.14584
2.19028
2.24918
2.32496
2.4199
2.53605
2.67511
2.83844
3.02696
3.24116
3.4811
3.74643
4.03642
4.34999
4.68575
5.04207
5.41704
5.80869
6.21499
6.63402
7.06466
7.50453
7.94805
8.37847
8.76566
9.08575
9.32889
9.49913
9.60953
9.67621
9.71396
9.7341
9.74429
9.7492
9.75147
9.75247
9.7529
9.75308
9.75315
9.75318
9.75319
9.7532
9.7532
9.7532
9.75321
9.75321
9.75321
9.75321
9.75322
9.75322
9.75322
9.75322
9.75323
9.75323
9.75323
9.75323
9.75323
9.75324
9.75324
9.75324
9.75324
9.75325
9.75325
9.75325
9.75325
9.75326
9.75326
9.75326
9.75327
9.75327
9.75327
9.75327
9.75328
9.75328
9.75328
9.75328
9.75329
9.75329
9.75329
2.41171
2.41026
2.40793
2.40584
2.40373
2.40164
2.39954
2.39747
2.3954
2.39332
2.39157
2.39064
2.39067
2.39189
2.39479
2.40009
2.40887
2.42254
2.44285
2.47181
2.51165
2.56469
2.63326
2.71961
2.82577
2.9535
3.10422
3.27899
3.47844
3.70283
3.95201
4.22545
4.52229
4.84137
5.18124
5.54017
5.91611
6.30696
6.71089
7.12755
7.55439
7.98581
8.40401
8.78126
9.09438
9.33322
9.5011
9.61034
9.67652
9.71407
9.73414
9.7443
9.7492
9.75147
9.75247
9.7529
9.75308
9.75315
9.75318
9.75319
9.7532
9.7532
9.7532
9.75321
9.75321
9.75321
9.75321
9.75322
9.75322
9.75322
9.75322
9.75323
9.75323
9.75323
9.75323
9.75323
9.75324
9.75324
9.75324
9.75324
9.75325
9.75325
9.75325
9.75325
9.75326
9.75326
9.75326
9.75327
9.75327
9.75327
9.75327
9.75328
9.75328
9.75328
9.75328
9.75329
9.75329
9.75329
2.77466
2.77465
2.77195
2.7695
2.76703
2.76459
2.76213
2.75972
2.7573
2.75486
2.75281
2.75159
2.75135
2.75227
2.75474
2.75938
2.76711
2.77918
2.79714
2.82283
2.85829
2.9057
2.96728
3.04519
3.14145
3.25784
3.39583
3.55658
3.74087
3.94912
4.18137
4.43731
4.71631
5.01744
5.33954
5.68119
6.0405
6.41488
6.8029
7.20352
7.61377
8.03038
8.4345
8.8002
9.10507
9.33871
9.50367
9.61144
9.67695
9.71422
9.73419
9.74432
9.74921
9.75147
9.75247
9.7529
9.75308
9.75315
9.75318
9.75319
9.7532
9.7532
9.7532
9.75321
9.75321
9.75321
9.75321
9.75322
9.75322
9.75322
9.75322
9.75323
9.75323
9.75323
9.75323
9.75323
9.75324
9.75324
9.75324
9.75324
9.75325
9.75325
9.75325
9.75325
9.75326
9.75326
9.75326
9.75327
9.75327
9.75327
9.75327
9.75328
9.75328
9.75328
9.75328
9.75329
9.75329
9.75329
3.15967
3.16169
3.1586
3.15576
3.15291
3.15009
3.14725
3.14447
3.14169
3.13885
3.1365
3.13499
3.13446
3.13509
3.13716
3.1412
3.14799
3.15861
3.17442
3.19706
3.22841
3.27048
3.32535
3.39509
3.48166
3.58684
3.71215
3.85881
4.02771
4.21942
4.43417
4.67188
4.93212
5.21415
5.51707
5.83992
6.18197
6.53985
6.91095
7.29281
7.68312
8.08229
8.47035
8.82282
9.1181
9.34555
9.50695
9.61288
9.67753
9.71443
9.73426
9.74434
9.74921
9.75147
9.75247
9.7529
9.75308
9.75315
9.75318
9.75319
9.7532
9.7532
9.7532
9.75321
9.75321
9.75321
9.75321
9.75322
9.75322
9.75322
9.75322
9.75323
9.75323
9.75323
9.75323
9.75323
9.75324
9.75324
9.75324
9.75324
9.75325
9.75325
9.75325
9.75325
9.75326
9.75326
9.75326
9.75327
9.75327
9.75327
9.75327
9.75328
9.75328
9.75328
9.75328
9.75329
9.75329
9.75329
3.56457
3.56928
3.56581
3.56257
3.55931
3.55609
3.55285
3.54968
3.54651
3.54327
3.5406
3.53878
3.53797
3.5383
3.54
3.5435
3.54945
3.55875
3.57261
3.59247
3.62
3.65705
3.70555
3.76746
3.84466
3.93891
4.05173
4.1844
4.33788
4.51287
4.70977
4.92871
5.16949
5.43155
5.71406
6.01605
6.33643
6.67439
7.02663
7.39015
7.76236
8.14188
8.5119
8.84943
9.1337
9.35392
9.51106
9.61473
9.6783
9.71473
9.73436
9.74437
9.74922
9.75147
9.75247
9.7529
9.75308
9.75315
9.75318
9.75319
9.7532
9.7532
9.7532
9.75321
9.75321
9.75321
9.75321
9.75322
9.75322
9.75322
9.75322
9.75323
9.75323
9.75323
9.75323
9.75323
9.75324
9.75324
9.75324
9.75324
9.75325
9.75325
9.75325
9.75325
9.75326
9.75326
9.75326
9.75327
9.75327
9.75327
9.75327
9.75328
9.75328
9.75328
9.75328
9.75329
9.75329
9.75329
3.98703
3.99522
3.99137
3.9877
3.98401
3.98038
3.97672
3.97315
3.96957
3.96593
3.96293
3.9608
3.9597
3.95973
3.96108
3.96409
3.96928
3.97741
3.98951
4.00683
4.03087
4.06326
4.10579
4.16027
4.2285
4.31218
4.41285
4.5318
4.67004
4.82833
5.00721
5.20704
5.42791
5.66944
5.93097
6.21154
6.51026
6.82659
7.15748
7.49999
7.85142
8.20938
8.55942
8.8803
9.15212
9.364
9.51612
9.61708
9.67929
9.71512
9.73451
9.74442
9.74924
9.75148
9.75247
9.7529
9.75308
9.75315
9.75318
9.75319
9.7532
9.7532
9.7532
9.75321
9.75321
9.75321
9.75321
9.75322
9.75322
9.75322
9.75322
9.75323
9.75323
9.75323
9.75323
9.75323
9.75324
9.75324
9.75324
9.75324
9.75325
9.75325
9.75325
9.75325
9.75326
9.75326
9.75326
9.75327
9.75327
9.75327
9.75327
9.75328
9.75328
9.75328
9.75328
9.75329
9.75329
9.75329
4.42467
4.43719
4.43297
4.42887
4.42474
4.42069
4.41659
4.4126
4.40861
4.40457
4.40123
4.39878
4.39737
4.39711
4.39813
4.40068
4.4052
4.41229
4.42282
4.43787
4.45872
4.48684
4.52382
4.57132
4.63104
4.70461
4.79356
4.8992
5.02258
5.16443
5.32533
5.50586
5.7065
5.92713
6.16728
6.42609
6.70252
6.99556
7.30298
7.62213
7.95039
8.28487
8.61311
8.91565
9.17358
9.37597
9.52226
9.61998
9.68057
9.71563
9.7347
9.74449
9.74926
9.75148
9.75248
9.7529
9.75308
9.75315
9.75318
9.75319
9.7532
9.7532
9.75321
9.75321
9.75321
9.75321
9.75321
9.75322
9.75322
9.75322
9.75322
9.75323
9.75323
9.75323
9.75323
9.75323
9.75324
9.75324
9.75324
9.75324
9.75325
9.75325
9.75325
9.75325
9.75326
9.75326
9.75326
9.75327
9.75327
9.75327
9.75327
9.75328
9.75328
9.75328
9.75328
9.75329
9.75329
9.75329
4.87506
4.89287
4.8883
4.88375
4.87917
4.87468
4.87014
4.86572
4.86133
4.85689
4.8532
4.85043
4.84872
4.84815
4.84885
4.85099
4.8549
4.86108
4.87022
4.88323
4.90122
4.92544
4.95732
4.99835
5.05007
5.11405
5.19178
5.2846
5.39364
5.51961
5.66284
5.82394
6.00417
6.20358
6.42215
6.65877
6.91177
7.18017
7.46238
7.75617
8.05917
8.36837
8.67309
8.95567
9.19826
9.39
9.5296
9.62354
9.68216
9.7163
9.73496
9.74458
9.74929
9.75149
9.75248
9.7529
9.75308
9.75315
9.75318
9.75319
9.7532
9.7532
9.75321
9.75321
9.75321
9.75321
9.75321
9.75322
9.75322
9.75322
9.75322
9.75323
9.75323
9.75323
9.75323
9.75323
9.75324
9.75324
9.75324
9.75324
9.75325
9.75325
9.75325
9.75325
9.75326
9.75326
9.75326
9.75327
9.75327
9.75327
9.75327
9.75328
9.75328
9.75328
9.75328
9.75329
9.75329
9.75329
5.3358
5.35993
5.35503
5.35003
5.345
5.34007
5.33508
5.33023
5.32543
5.32061
5.31658
5.31347
5.31145
5.31058
5.31096
5.31272
5.31609
5.32146
5.32938
5.34059
5.35602
5.37674
5.40397
5.43904
5.48333
5.53828
5.60533
5.68587
5.78115
5.89205
6.01845
6.15998
6.31964
6.49796
6.69444
6.90777
7.13652
7.3792
7.6348
7.90156
8.17749
8.45979
8.73939
9.00048
9.22633
9.40623
9.53827
9.62783
9.68413
9.71713
9.73529
9.7447
9.74934
9.75151
9.75248
9.75291
9.75308
9.75315
9.75318
9.75319
9.7532
9.7532
9.75321
9.75321
9.75321
9.75321
9.75321
9.75322
9.75322
9.75322
9.75322
9.75323
9.75323
9.75323
9.75323
9.75323
9.75324
9.75324
9.75324
9.75324
9.75325
9.75325
9.75325
9.75325
9.75326
9.75326
9.75326
9.75327
9.75327
9.75327
9.75327
9.75328
9.75328
9.75328
9.75328
9.75329
9.75329
9.75329
5.80451
5.8361
5.83091
5.82546
5.81998
5.81461
5.80917
5.80389
5.79867
5.79349
5.78912
5.78569
5.78334
5.78218
5.78225
5.78364
5.78653
5.79118
5.79803
5.80766
5.82082
5.83841
5.86146
5.89109
5.92854
5.97508
6.03205
6.10084
6.1828
6.27944
6.39118
6.51274
6.65243
6.80945
6.98293
7.17186
7.37508
7.5913
7.81921
8.05763
8.305
8.55895
8.81199
9.05016
9.25793
9.42483
9.54837
9.63294
9.68653
9.71818
9.73571
9.74487
9.74939
9.75153
9.75249
9.75291
9.75308
9.75315
9.75318
9.75319
9.7532
9.7532
9.75321
9.75321
9.75321
9.75321
9.75321
9.75322
9.75322
9.75322
9.75322
9.75323
9.75323
9.75323
9.75323
9.75323
9.75324
9.75324
9.75324
9.75324
9.75325
9.75325
9.75325
9.75325
9.75326
9.75326
9.75326
9.75327
9.75327
9.75327
9.75327
9.75328
9.75328
9.75328
9.75328
9.75329
9.75329
9.75329
6.27895
6.3192
6.31375
6.30786
6.30192
6.29611
6.29023
6.28452
6.27889
6.2734
6.26869
6.26492
6.26226
6.26079
6.26055
6.2616
6.26405
6.26807
6.27398
6.28223
6.2934
6.30823
6.32753
6.35227
6.38349
6.42228
6.46981
6.52749
6.59636
6.67884
6.77655
6.88129
7.0014
7.13661
7.28639
7.45
7.62658
7.81512
8.01453
8.22359
8.44121
8.66557
8.89079
9.10473
9.29315
9.4459
9.56003
9.63895
9.68941
9.71946
9.73625
9.74507
9.74947
9.75155
9.7525
9.75291
9.75308
9.75315
9.75318
9.75319
9.7532
9.7532
9.75321
9.75321
9.75321
9.75321
9.75321
9.75322
9.75322
9.75322
9.75322
9.75323
9.75323
9.75323
9.75323
9.75323
9.75324
9.75324
9.75324
9.75324
9.75325
9.75325
9.75325
9.75325
9.75326
9.75326
9.75326
9.75327
9.75327
9.75327
9.75327
9.75328
9.75328
9.75328
9.75328
9.75329
9.75329
9.75329
6.75695
6.80713
6.80146
6.79514
6.78876
6.78253
6.77621
6.77007
6.76406
6.75826
6.75323
6.74914
6.74616
6.74437
6.74383
6.74456
6.74659
6.75006
6.75515
6.76219
6.77164
6.78404
6.80002
6.82038
6.846
6.87778
6.91651
6.96395
7.02083
7.09004
7.17195
7.26097
7.36234
7.47615
7.60224
7.74023
7.8896
8.04965
8.2196
8.39857
8.58554
8.77932
8.97563
9.16417
9.33207
9.46956
9.57334
9.64594
9.69283
9.72101
9.73691
9.74534
9.74957
9.75159
9.75251
9.75291
9.75308
9.75315
9.75318
9.75319
9.7532
9.7532
9.75321
9.75321
9.75321
9.75321
9.75321
9.75322
9.75322
9.75322
9.75322
9.75323
9.75323
9.75323
9.75323
9.75323
9.75324
9.75324
9.75324
9.75324
9.75325
9.75325
9.75325
9.75325
9.75326
9.75326
9.75326
9.75327
9.75327
9.75327
9.75327
9.75328
9.75328
9.75328
9.75328
9.75329
9.75329
9.75329
7.2365
7.29794
7.2921
7.28537
7.27856
7.27191
7.26517
7.25862
7.25222
7.24617
7.24083
7.23642
7.23312
7.23103
7.23018
7.23058
7.23225
7.23521
7.23958
7.24559
7.25353
7.26382
7.27691
7.29335
7.314
7.33954
7.37064
7.40907
7.45552
7.51065
7.57505
7.64873
7.73184
7.82469
7.92741
8.03995
8.16206
8.2934
8.43345
8.58166
8.73735
8.89978
9.06629
9.22841
9.37472
9.49591
9.5884
9.654
9.69685
9.72287
9.73772
9.74567
9.7497
9.75164
9.75253
9.75292
9.75309
9.75315
9.75318
9.75319
9.7532
9.7532
9.75321
9.75321
9.75321
9.75321
9.75321
9.75322
9.75322
9.75322
9.75322
9.75323
9.75323
9.75323
9.75323
9.75323
9.75324
9.75324
9.75324
9.75324
9.75325
9.75325
9.75325
9.75325
9.75326
9.75326
9.75326
9.75327
9.75327
9.75327
9.75327
9.75328
9.75328
9.75328
9.75328
9.75329
9.75329
9.75329
7.7157
7.7898
7.78384
7.77672
7.7695
7.76245
7.7553
7.74836
7.74164
7.73533
7.72969
7.72497
7.72136
7.71896
7.71781
7.7179
7.71921
7.72172
7.72547
7.73057
7.73721
7.74568
7.75637
7.76971
7.78625
7.80656
7.83127
7.86104
7.89659
7.93851
7.98732
8.04343
8.10712
8.1786
8.25799
8.34535
8.44061
8.5436
8.65405
8.77164
8.89593
9.02647
9.1625
9.29735
9.42111
9.52502
9.60529
9.66321
9.70153
9.72508
9.73871
9.74608
9.74986
9.7517
9.75255
9.75293
9.75309
9.75316
9.75318
9.75319
9.7532
9.7532
9.75321
9.75321
9.75321
9.75321
9.75321
9.75322
9.75322
9.75322
9.75322
9.75323
9.75323
9.75323
9.75323
9.75323
9.75324
9.75324
9.75324
9.75324
9.75325
9.75325
9.75325
9.75325
9.75326
9.75326
9.75326
9.75327
9.75327
9.75327
9.75327
9.75328
9.75328
9.75328
9.75328
9.75329
9.75329
9.75329
8.19287
8.26871
8.26283
8.25578
8.24865
8.24155
8.23446
8.22749
8.22074
8.21438
8.20863
8.20371
8.19982
8.19709
8.19555
8.19521
8.19602
8.19792
8.20089
8.20492
8.21009
8.21654
8.22449
8.23424
8.24616
8.26066
8.2782
8.29926
8.32435
8.35393
8.38845
8.42831
8.47384
8.5253
8.58288
8.6467
8.71683
8.79323
8.87582
8.96443
9.05885
9.15881
9.26396
9.37084
9.47121
9.55694
9.62409
9.67363
9.70692
9.72767
9.73988
9.74657
9.75006
9.75177
9.75258
9.75294
9.75309
9.75316
9.75318
9.7532
9.7532
9.7532
9.75321
9.75321
9.75321
9.75321
9.75321
9.75322
9.75322
9.75322
9.75322
9.75323
9.75323
9.75323
9.75323
9.75323
9.75324
9.75324
9.75324
9.75324
9.75325
9.75325
9.75325
9.75325
9.75326
9.75326
9.75326
9.75327
9.75327
9.75327
9.75327
9.75328
9.75328
9.75328
9.75328
9.75329
9.75329
9.75329
8.66651
8.69431
8.68885
8.68238
8.6758
8.66915
8.66251
8.65596
8.64957
8.6435
8.63792
8.63305
8.62906
8.62609
8.6242
8.62342
8.62369
8.62497
8.62718
8.63026
8.63418
8.63897
8.64471
8.65156
8.6597
8.66943
8.68104
8.69489
8.71133
8.73072
8.75344
8.77981
8.81014
8.8447
8.88373
8.9274
8.97585
9.02916
9.08738
9.15048
9.21841
9.29107
9.36833
9.44853
9.52497
9.59171
9.64485
9.68533
9.7131
9.73068
9.74128
9.74717
9.75031
9.75187
9.75261
9.75295
9.7531
9.75316
9.75318
9.7532
9.7532
9.7532
9.75321
9.75321
9.75321
9.75321
9.75321
9.75322
9.75322
9.75322
9.75322
9.75323
9.75323
9.75323
9.75323
9.75323
9.75324
9.75324
9.75324
9.75324
9.75325
9.75325
9.75325
9.75325
9.75326
9.75326
9.75326
9.75327
9.75327
9.75327
9.75327
9.75328
9.75328
9.75328
9.75328
9.75329
9.75329
9.75329
9.03839
9.04134
9.03645
9.03095
9.02529
9.01953
9.01375
9.00802
9.0024
8.99699
8.99194
8.98743
8.9836
8.9806
8.97851
8.97737
8.97717
8.97785
8.97936
8.98161
8.98454
8.98808
8.99224
8.99704
9.00254
9.00888
9.01626
9.02489
9.03503
9.04696
9.06093
9.07721
9.09607
9.11773
9.14242
9.17035
9.20166
9.2365
9.27497
9.31714
9.36306
9.41271
9.46608
9.52304
9.57799
9.62714
9.66751
9.69837
9.72011
9.73415
9.74292
9.74789
9.75061
9.75199
9.75266
9.75296
9.7531
9.75316
9.75319
9.7532
9.7532
9.7532
9.75321
9.75321
9.75321
9.75321
9.75321
9.75322
9.75322
9.75322
9.75322
9.75323
9.75323
9.75323
9.75323
9.75324
9.75324
9.75324
9.75324
9.75324
9.75325
9.75325
9.75325
9.75325
9.75326
9.75326
9.75326
9.75327
9.75327
9.75327
9.75327
9.75328
9.75328
9.75328
9.75328
9.75329
9.75329
9.75329
9.30981
9.30189
9.29787
9.29351
9.289
9.28438
9.27973
9.27509
9.27051
9.26605
9.26183
9.25796
9.25457
9.2518
9.24972
9.2484
9.24783
9.24802
9.24891
9.25045
9.25256
9.25517
9.25823
9.2617
9.26558
9.26972
9.27435
9.27957
9.28555
9.29248
9.30056
9.30998
9.32095
9.33363
9.34823
9.36491
9.38383
9.40515
9.42898
9.45544
9.48462
9.51658
9.55138
9.58903
9.62607
9.66001
9.68869
9.7111
9.72728
9.73808
9.74483
9.74874
9.75097
9.75213
9.75271
9.75298
9.75311
9.75316
9.75319
9.7532
9.7532
9.7532
9.75321
9.75321
9.75321
9.75321
9.75321
9.75322
9.75322
9.75322
9.75322
9.75323
9.75323
9.75323
9.75323
9.75324
9.75324
9.75324
9.75324
9.75324
9.75325
9.75325
9.75325
9.75326
9.75326
9.75326
9.75326
9.75327
9.75327
9.75327
9.75327
9.75328
9.75328
9.75328
9.75328
9.75329
9.75329
9.75329
9.49412
9.48325
9.47995
9.4767
9.47335
9.46992
9.46646
9.463
9.45955
9.45616
9.45289
9.44984
9.44709
9.44475
9.44289
9.44157
9.44083
9.44067
9.44107
9.442
9.44342
9.44526
9.44748
9.45002
9.45269
9.45565
9.45861
9.46194
9.46541
9.46942
9.4738
9.47892
9.48489
9.49184
9.4999
9.50919
9.51987
9.53205
9.54586
9.5614
9.57878
9.59808
9.61939
9.64278
9.66619
9.68816
9.70724
9.72256
9.73393
9.74173
9.74673
9.74972
9.75141
9.75231
9.75278
9.75301
9.75312
9.75317
9.75319
9.7532
9.7532
9.7532
9.75321
9.75321
9.75321
9.75321
9.75322
9.75322
9.75322
9.75322
9.75322
9.75323
9.75323
9.75323
9.75323
9.75324
9.75324
9.75324
9.75324
9.75324
9.75325
9.75325
9.75325
9.75326
9.75326
9.75326
9.75326
9.75327
9.75327
9.75327
9.75327
9.75328
9.75328
9.75328
9.75328
9.75329
9.75329
9.75329
9.61088
9.60044
9.59789
9.59564
9.59334
9.59099
9.58861
9.58621
9.5838
9.58141
9.57908
9.57686
9.57481
9.57301
9.5715
9.57036
9.5696
9.56926
9.56933
9.5698
9.57066
9.57186
9.57337
9.57513
9.57709
9.57897
9.58107
9.58304
9.58528
9.58752
9.5901
9.5929
9.59597
9.5996
9.60386
9.60864
9.61422
9.62069
9.62815
9.63667
9.64635
9.65727
9.66951
9.68315
9.69704
9.71038
9.72229
9.73213
9.73964
9.74495
9.74844
9.75059
9.75183
9.75251
9.75287
9.75304
9.75313
9.75317
9.75319
9.7532
9.7532
9.75321
9.75321
9.75321
9.75321
9.75321
9.75322
9.75322
9.75322
9.75322
9.75322
9.75323
9.75323
9.75323
9.75323
9.75324
9.75324
9.75324
9.75324
9.75325
9.75325
9.75325
9.75325
9.75326
9.75326
9.75326
9.75326
9.75327
9.75327
9.75327
9.75327
9.75328
9.75328
9.75328
9.75328
9.75329
9.75329
9.75329
9.68013
9.67118
9.66935
9.6679
9.66643
9.66493
9.66341
9.66186
9.6603
9.65874
9.6572
9.65571
9.6543
9.65302
9.65191
9.65102
9.65037
9.64999
9.64988
9.65006
9.65051
9.65121
9.65216
9.65332
9.65467
9.65595
9.65728
9.65855
9.65989
9.66122
9.66266
9.66421
9.66585
9.66768
9.66985
9.67225
9.67508
9.67828
9.68203
9.68639
9.69143
9.6972
9.70378
9.71124
9.71898
9.72659
9.73357
9.73951
9.74417
9.74758
9.74988
9.75134
9.7522
9.75269
9.75295
9.75308
9.75314
9.75318
9.75319
9.7532
9.7532
9.75321
9.75321
9.75321
9.75321
9.75321
9.75322
9.75322
9.75322
9.75322
9.75322
9.75323
9.75323
9.75323
9.75323
9.75324
9.75324
9.75324
9.75324
9.75325
9.75325
9.75325
9.75325
9.75326
9.75326
9.75326
9.75326
9.75327
9.75327
9.75327
9.75327
9.75328
9.75328
9.75328
9.75328
9.75329
9.75329
9.75329
9.71867
9.7113
9.71006
9.70918
9.70831
9.70742
9.70651
9.70558
9.70464
9.70369
9.70274
9.7018
9.7009
9.70007
9.69932
9.69869
9.69819
9.69786
9.69769
9.69771
9.69791
9.69828
9.69883
9.69954
9.7004
9.70122
9.70205
9.70283
9.70362
9.7044
9.70521
9.70605
9.70693
9.70785
9.70895
9.71012
9.71151
9.71305
9.71487
9.71702
9.71945
9.72229
9.7256
9.72942
9.73347
9.73756
9.74141
9.74479
9.74752
9.74957
9.75101
9.75194
9.75251
9.75284
9.75302
9.75311
9.75316
9.75318
9.75319
9.7532
9.7532
9.75321
9.75321
9.75321
9.75321
9.75321
9.75322
9.75322
9.75322
9.75322
9.75322
9.75323
9.75323
9.75323
9.75323
9.75324
9.75324
9.75324
9.75324
9.75325
9.75325
9.75325
9.75325
9.75326
9.75326
9.75326
9.75326
9.75327
9.75327
9.75327
9.75327
9.75328
9.75328
9.75328
9.75328
9.75329
9.75329
9.75329
9.73884
9.73277
9.73198
9.73148
9.731
9.7305
9.72998
9.72946
9.72893
9.72838
9.72783
9.72729
9.72676
9.72625
9.72578
9.72537
9.72503
9.72478
9.72462
9.72458
9.72464
9.72481
9.7251
9.7255
9.72601
9.72651
9.727
9.72746
9.72792
9.72836
9.72881
9.72927
9.72974
9.73022
9.73076
9.73133
9.73199
9.73271
9.73354
9.73455
9.73566
9.737
9.73857
9.74041
9.74242
9.74449
9.74649
9.7483
9.74981
9.75098
9.75182
9.75239
9.75275
9.75296
9.75307
9.75314
9.75317
9.75319
9.7532
9.7532
9.7532
9.75321
9.75321
9.75321
9.75321
9.75321
9.75322
9.75322
9.75322
9.75322
9.75322
9.75323
9.75323
9.75323
9.75323
9.75324
9.75324
9.75324
9.75324
9.75325
9.75325
9.75325
9.75325
9.75326
9.75326
9.75326
9.75326
9.75327
9.75327
9.75327
9.75327
9.75328
9.75328
9.75328
9.75328
9.75329
9.75329
9.75329
9.74873
9.74364
9.7432
9.74292
9.74266
9.7424
9.74213
9.74185
9.74156
9.74127
9.74097
9.74067
9.74038
9.74009
9.73982
9.73957
9.73936
9.73919
9.73907
9.73901
9.73901
9.73908
9.73922
9.73942
9.7397
9.73999
9.74027
9.74053
9.74079
9.74103
9.74127
9.74151
9.74176
9.74201
9.74227
9.74255
9.74286
9.74319
9.74356
9.74401
9.7445
9.7451
9.74581
9.74666
9.74759
9.74859
9.74957
9.75049
9.75128
9.75191
9.75238
9.75271
9.75291
9.75304
9.75312
9.75316
9.75318
9.75319
9.7532
9.7532
9.7532
9.75321
9.75321
9.75321
9.75321
9.75321
9.75322
9.75322
9.75322
9.75322
9.75323
9.75323
9.75323
9.75323
9.75323
9.75324
9.75324
9.75324
9.75324
9.75325
9.75325
9.75325
9.75325
9.75326
9.75326
9.75326
9.75326
9.75327
9.75327
9.75327
9.75327
9.75328
9.75328
9.75328
9.75328
9.75329
9.75329
9.75329
9.75323
9.74877
9.74866
9.74852
9.74839
9.74826
9.74812
9.74798
9.74783
9.74768
9.74753
9.74738
9.74722
9.74707
9.74692
9.74678
9.74666
9.74655
9.74648
9.74643
9.74641
9.74643
9.74648
9.74658
9.74671
9.74688
9.74703
9.74717
9.74731
9.74744
9.74757
9.74769
9.74782
9.74794
9.74807
9.7482
9.74835
9.7485
9.74866
9.74886
9.74907
9.74933
9.74963
9.75
9.75042
9.75087
9.75133
9.75177
9.75217
9.75249
9.75274
9.75291
9.75303
9.7531
9.75315
9.75317
9.75319
9.75319
9.7532
9.7532
9.75321
9.75321
9.75321
9.75321
9.75321
9.75322
9.75322
9.75322
9.75322
9.75322
9.75323
9.75323
9.75323
9.75323
9.75323
9.75324
9.75324
9.75324
9.75324
9.75325
9.75325
9.75325
9.75325
9.75326
9.75326
9.75326
9.75326
9.75327
9.75327
9.75327
9.75327
9.75328
9.75328
9.75328
9.75328
9.75329
9.75329
9.75329
9.75504
9.75087
9.75121
9.75114
9.75108
9.75102
9.75095
9.75088
9.75081
9.75074
9.75067
9.75059
9.75051
9.75043
9.75036
9.75029
9.75022
9.75016
9.75011
9.75008
9.75006
9.75006
9.75008
9.75012
9.75018
9.75027
9.75035
9.75042
9.75049
9.75056
9.75062
9.75069
9.75075
9.75081
9.75087
9.75093
9.751
9.75107
9.75114
9.75122
9.75132
9.75142
9.75155
9.7517
9.75188
9.75207
9.75228
9.75248
9.75267
9.75282
9.75295
9.75304
9.7531
9.75314
9.75317
9.75318
9.75319
9.7532
9.7532
9.7532
9.75321
9.75321
9.75321
9.75321
9.75321
9.75322
9.75322
9.75322
9.75322
9.75322
9.75323
9.75323
9.75323
9.75323
9.75323
9.75324
9.75324
9.75324
9.75324
9.75325
9.75325
9.75325
9.75325
9.75326
9.75326
9.75326
9.75326
9.75327
9.75327
9.75327
9.75327
9.75328
9.75328
9.75328
9.75328
9.75329
9.75329
9.75329
9.75562
9.75125
9.75235
9.75232
9.75229
9.75226
9.75223
9.7522
9.75217
9.75214
9.7521
9.75207
9.75203
9.75199
9.75196
9.75192
9.75189
9.75185
9.75183
9.75181
9.75179
9.75179
9.75179
9.75181
9.75184
9.75188
9.75192
9.75195
9.75199
9.75202
9.75205
9.75208
9.75211
9.75214
9.75217
9.7522
9.75223
9.75226
9.75229
9.75233
9.75237
9.75241
9.75246
9.75252
9.75259
9.75267
9.75276
9.75285
9.75294
9.75301
9.75307
9.75311
9.75315
9.75317
9.75318
9.75319
9.7532
9.7532
9.7532
9.75321
9.75321
9.75321
9.75321
9.75321
9.75321
9.75322
9.75322
9.75322
9.75322
9.75322
9.75323
9.75323
9.75323
9.75323
9.75323
9.75324
9.75324
9.75324
9.75324
9.75325
9.75325
9.75325
9.75325
9.75326
9.75326
9.75326
9.75326
9.75327
9.75327
9.75327
9.75327
9.75328
9.75328
9.75328
9.75328
9.75329
9.75329
9.75329
9.75565
9.75157
9.75285
9.75283
9.75282
9.75281
9.7528
9.75278
9.75277
9.75275
9.75274
9.75272
9.75271
9.75269
9.75267
9.75265
9.75264
9.75262
9.75261
9.7526
9.75259
9.75258
9.75258
9.75259
9.7526
9.75262
9.75264
9.75266
9.75267
9.75269
9.7527
9.75272
9.75273
9.75274
9.75276
9.75277
9.75278
9.7528
9.75281
9.75283
9.75284
9.75286
9.75288
9.7529
9.75293
9.75296
9.75299
9.75304
9.75307
9.75311
9.75313
9.75316
9.75317
9.75318
9.75319
9.7532
9.7532
9.7532
9.7532
9.75321
9.75321
9.75321
9.75321
9.75321
9.75322
9.75322
9.75322
9.75322
9.75322
9.75322
9.75323
9.75323
9.75323
9.75323
9.75324
9.75324
9.75324
9.75324
9.75324
9.75325
9.75325
9.75325
9.75325
9.75326
9.75326
9.75326
9.75326
9.75327
9.75327
9.75327
9.75327
9.75328
9.75328
9.75328
9.75328
9.75329
9.75329
9.75329
9.75547
9.75184
9.75305
9.75305
9.75305
9.75304
9.75304
9.75303
9.75302
9.75302
9.75301
9.753
9.753
9.75299
9.75298
9.75297
9.75297
9.75296
9.75295
9.75295
9.75294
9.75294
9.75294
9.75294
9.75294
9.75295
9.75296
9.75297
9.75297
9.75298
9.75299
9.75299
9.753
9.75301
9.75301
9.75302
9.75303
9.75303
9.75304
9.75304
9.75305
9.75306
9.75306
9.75307
9.75308
9.75309
9.75311
9.75312
9.75314
9.75316
9.75317
9.75318
9.75319
9.75319
9.7532
9.7532
9.7532
9.7532
9.75321
9.75321
9.75321
9.75321
9.75321
9.75321
9.75322
9.75322
9.75322
9.75322
9.75322
9.75323
9.75323
9.75323
9.75323
9.75323
9.75324
9.75324
9.75324
9.75324
9.75324
9.75325
9.75325
9.75325
9.75325
9.75326
9.75326
9.75326
9.75326
9.75327
9.75327
9.75327
9.75327
9.75328
9.75328
9.75328
9.75328
9.75329
9.75329
9.75329
9.75522
9.75207
9.75314
9.75314
9.75314
9.75314
9.75313
9.75313
9.75313
9.75313
9.75312
9.75312
9.75312
9.75311
9.75311
9.75311
9.7531
9.7531
9.7531
9.7531
9.75309
9.75309
9.75309
9.75309
9.75309
9.75309
9.7531
9.7531
9.75311
9.75311
9.75311
9.75311
9.75312
9.75312
9.75312
9.75312
9.75313
9.75313
9.75313
9.75314
9.75314
9.75314
9.75314
9.75315
9.75315
9.75316
9.75316
9.75317
9.75317
9.75318
9.75319
9.75319
9.75319
9.7532
9.7532
9.7532
9.7532
9.75321
9.75321
9.75321
9.75321
9.75321
9.75321
9.75322
9.75322
9.75322
9.75322
9.75322
9.75322
9.75323
9.75323
9.75323
9.75323
9.75323
9.75324
9.75324
9.75324
9.75324
9.75324
9.75325
9.75325
9.75325
9.75325
9.75326
9.75326
9.75326
9.75326
9.75327
9.75327
9.75327
9.75327
9.75328
9.75328
9.75328
9.75328
9.75329
9.75329
9.75329
9.75497
9.75225
9.75317
9.75318
9.75318
9.75317
9.75317
9.75317
9.75317
9.75317
9.75317
9.75317
9.75317
9.75317
9.75316
9.75316
9.75316
9.75316
9.75316
9.75316
9.75316
9.75316
9.75316
9.75315
9.75316
9.75316
9.75316
9.75316
9.75316
9.75316
9.75316
9.75316
9.75317
9.75317
9.75317
9.75317
9.75317
9.75317
9.75317
9.75317
9.75317
9.75318
9.75318
9.75318
9.75318
9.75318
9.75318
9.75319
9.75319
9.75319
9.75319
9.7532
9.7532
9.7532
9.7532
9.7532
9.75321
9.75321
9.75321
9.75321
9.75321
9.75321
9.75321
9.75322
9.75322
9.75322
9.75322
9.75322
9.75322
9.75323
9.75323
9.75323
9.75323
9.75323
9.75324
9.75324
9.75324
9.75324
9.75325
9.75325
9.75325
9.75325
9.75325
9.75326
9.75326
9.75326
9.75326
9.75327
9.75327
9.75327
9.75327
9.75328
9.75328
9.75328
9.75328
9.75329
9.75329
9.75329
9.75474
9.75241
9.75319
9.75319
9.75319
9.75319
9.75319
9.75319
9.75319
9.75319
9.75319
9.75319
9.75319
9.75319
9.75319
9.75319
9.75319
9.75318
9.75318
9.75318
9.75318
9.75318
9.75318
9.75318
9.75318
9.75318
9.75318
9.75318
9.75318
9.75318
9.75319
9.75319
9.75319
9.75319
9.75319
9.75319
9.75319
9.75319
9.75319
9.75319
9.75319
9.75319
9.75319
9.75319
9.75319
9.75319
9.75319
9.7532
9.7532
9.7532
9.7532
9.7532
9.7532
9.7532
9.7532
9.75321
9.75321
9.75321
9.75321
9.75321
9.75321
9.75321
9.75322
9.75322
9.75322
9.75322
9.75322
9.75322
9.75323
9.75323
9.75323
9.75323
9.75323
9.75323
9.75324
9.75324
9.75324
9.75324
9.75325
9.75325
9.75325
9.75325
9.75325
9.75326
9.75326
9.75326
9.75326
9.75327
9.75327
9.75327
9.75327
9.75328
9.75328
9.75328
9.75328
9.75329
9.75329
9.75329
9.75452
9.75254
9.7532
9.7532
9.7532
9.7532
9.7532
9.7532
9.7532
9.7532
9.7532
9.7532
9.7532
9.7532
9.7532
9.7532
9.7532
9.7532
9.75319
9.75319
9.75319
9.75319
9.75319
9.75319
9.75319
9.75319
9.75319
9.75319
9.75319
9.7532
9.7532
9.7532
9.7532
9.7532
9.7532
9.7532
9.7532
9.7532
9.7532
9.7532
9.7532
9.7532
9.7532
9.7532
9.7532
9.7532
9.7532
9.7532
9.7532
9.7532
9.7532
9.7532
9.7532
9.75321
9.75321
9.75321
9.75321
9.75321
9.75321
9.75321
9.75321
9.75322
9.75322
9.75322
9.75322
9.75322
9.75322
9.75322
9.75323
9.75323
9.75323
9.75323
9.75323
9.75324
9.75324
9.75324
9.75324
9.75324
9.75325
9.75325
9.75325
9.75325
9.75325
9.75326
9.75326
9.75326
9.75326
9.75327
9.75327
9.75327
9.75327
9.75328
9.75328
9.75328
9.75328
9.75329
9.75329
9.75329
9.75434
9.75265
9.7532
9.7532
9.7532
9.7532
9.7532
9.7532
9.7532
9.7532
9.7532
9.7532
9.7532
9.7532
9.7532
9.7532
9.7532
9.7532
9.7532
9.7532
9.7532
9.7532
9.7532
9.7532
9.7532
9.7532
9.7532
9.7532
9.7532
9.7532
9.7532
9.7532
9.7532
9.7532
9.7532
9.7532
9.7532
9.7532
9.7532
9.7532
9.7532
9.7532
9.7532
9.7532
9.7532
9.7532
9.7532
9.7532
9.7532
9.75321
9.75321
9.75321
9.75321
9.75321
9.75321
9.75321
9.75321
9.75321
9.75321
9.75321
9.75322
9.75322
9.75322
9.75322
9.75322
9.75322
9.75322
9.75323
9.75323
9.75323
9.75323
9.75323
9.75323
9.75324
9.75324
9.75324
9.75324
9.75324
9.75325
9.75325
9.75325
9.75325
9.75326
9.75326
9.75326
9.75326
9.75326
9.75327
9.75327
9.75327
9.75327
9.75328
9.75328
9.75328
9.75328
9.75329
9.75329
9.75329
9.75418
9.75275
9.7532
9.7532
9.7532
9.7532
9.7532
9.7532
9.7532
9.7532
9.7532
9.7532
9.7532
9.7532
9.7532
9.7532
9.7532
9.7532
9.7532
9.7532
9.7532
9.7532
9.7532
9.7532
9.7532
9.7532
9.7532
9.7532
9.7532
9.7532
9.7532
9.7532
9.7532
9.7532
9.7532
9.7532
9.7532
9.7532
9.7532
9.7532
9.7532
9.7532
9.7532
9.75321
9.75321
9.75321
9.75321
9.75321
9.75321
9.75321
9.75321
9.75321
9.75321
9.75321
9.75321
9.75321
9.75321
9.75321
9.75321
9.75322
9.75322
9.75322
9.75322
9.75322
9.75322
9.75322
9.75323
9.75323
9.75323
9.75323
9.75323
9.75323
9.75324
9.75324
9.75324
9.75324
9.75324
9.75324
9.75325
9.75325
9.75325
9.75325
9.75326
9.75326
9.75326
9.75326
9.75327
9.75327
9.75327
9.75327
9.75327
9.75328
9.75328
9.75328
9.75328
9.75329
9.75329
9.75329
9.75403
9.75282
9.7532
9.75321
9.75321
9.75321
9.75321
9.75321
9.75321
9.75321
9.75321
9.75321
9.75321
9.75321
9.75321
9.75321
9.75321
9.75321
9.75321
9.75321
9.75321
9.75321
9.75321
9.75321
9.75321
9.75321
9.75321
9.75321
9.75321
9.75321
9.75321
9.75321
9.75321
9.75321
9.75321
9.75321
9.75321
9.75321
9.75321
9.75321
9.75321
9.75321
9.75321
9.75321
9.75321
9.75321
9.75321
9.75321
9.75321
9.75321
9.75321
9.75321
9.75321
9.75321
9.75321
9.75321
9.75321
9.75322
9.75322
9.75322
9.75322
9.75322
9.75322
9.75322
9.75322
9.75322
9.75323
9.75323
9.75323
9.75323
9.75323
9.75323
9.75324
9.75324
9.75324
9.75324
9.75324
9.75325
9.75325
9.75325
9.75325
9.75325
9.75326
9.75326
9.75326
9.75326
9.75327
9.75327
9.75327
9.75327
9.75327
9.75328
9.75328
9.75328
9.75328
9.75329
9.75329
9.75329
9.75391
9.75289
9.75321
9.75321
9.75321
9.75321
9.75321
9.75321
9.75321
9.75321
9.75321
9.75321
9.75321
9.75321
9.75321
9.75321
9.75321
9.75321
9.75321
9.75321
9.75321
9.75321
9.75321
9.75321
9.75321
9.75321
9.75321
9.75321
9.75321
9.75321
9.75321
9.75321
9.75321
9.75321
9.75321
9.75321
9.75321
9.75321
9.75321
9.75321
9.75321
9.75321
9.75321
9.75321
9.75321
9.75321
9.75321
9.75321
9.75321
9.75321
9.75321
9.75321
9.75321
9.75321
9.75321
9.75322
9.75322
9.75322
9.75322
9.75322
9.75322
9.75322
9.75322
9.75322
9.75322
9.75323
9.75323
9.75323
9.75323
9.75323
9.75323
9.75324
9.75324
9.75324
9.75324
9.75324
9.75324
9.75325
9.75325
9.75325
9.75325
9.75325
9.75326
9.75326
9.75326
9.75326
9.75327
9.75327
9.75327
9.75327
9.75328
9.75328
9.75328
9.75328
9.75328
9.75329
9.75329
9.75329
9.7538
9.75294
9.75321
9.75321
9.75321
9.75321
9.75321
9.75321
9.75321
9.75321
9.75321
9.75321
9.75321
9.75321
9.75321
9.75321
9.75321
9.75321
9.75321
9.75321
9.75321
9.75321
9.75321
9.75321
9.75321
9.75321
9.75321
9.75321
9.75321
9.75321
9.75321
9.75321
9.75321
9.75321
9.75321
9.75321
9.75321
9.75321
9.75321
9.75321
9.75321
9.75321
9.75321
9.75321
9.75321
9.75321
9.75321
9.75321
9.75321
9.75321
9.75321
9.75321
9.75322
9.75322
9.75322
9.75322
9.75322
9.75322
9.75322
9.75322
9.75322
9.75322
9.75322
9.75322
9.75323
9.75323
9.75323
9.75323
9.75323
9.75323
9.75323
9.75324
9.75324
9.75324
9.75324
9.75324
9.75324
9.75325
9.75325
9.75325
9.75325
9.75325
9.75326
9.75326
9.75326
9.75326
9.75327
9.75327
9.75327
9.75327
9.75328
9.75328
9.75328
9.75328
9.75328
9.75329
9.75329
9.75329
9.75371
9.75299
9.75321
9.75321
9.75321
9.75321
9.75321
9.75321
9.75321
9.75321
9.75321
9.75321
9.75321
9.75321
9.75321
9.75321
9.75321
9.75321
9.75321
9.75321
9.75321
9.75321
9.75321
9.75321
9.75321
9.75321
9.75321
9.75321
9.75321
9.75321
9.75321
9.75321
9.75321
9.75321
9.75321
9.75321
9.75321
9.75321
9.75321
9.75321
9.75321
9.75321
9.75321
9.75321
9.75321
9.75321
9.75321
9.75321
9.75322
9.75322
9.75322
9.75322
9.75322
9.75322
9.75322
9.75322
9.75322
9.75322
9.75322
9.75322
9.75322
9.75322
9.75322
9.75323
9.75323
9.75323
9.75323
9.75323
9.75323
9.75323
9.75324
9.75324
9.75324
9.75324
9.75324
9.75324
9.75325
9.75325
9.75325
9.75325
9.75325
9.75326
9.75326
9.75326
9.75326
9.75326
9.75327
9.75327
9.75327
9.75327
9.75328
9.75328
9.75328
9.75328
9.75328
9.75329
9.75329
9.75329
9.75363
9.75303
9.75321
9.75322
9.75322
9.75322
9.75322
9.75322
9.75322
9.75322
9.75322
9.75322
9.75322
9.75322
9.75322
9.75322
9.75321
9.75321
9.75321
9.75321
9.75321
9.75321
9.75321
9.75321
9.75321
9.75321
9.75321
9.75321
9.75321
9.75321
9.75321
9.75322
9.75322
9.75322
9.75322
9.75322
9.75322
9.75322
9.75322
9.75322
9.75322
9.75322
9.75322
9.75322
9.75322
9.75322
9.75322
9.75322
9.75322
9.75322
9.75322
9.75322
9.75322
9.75322
9.75322
9.75322
9.75322
9.75322
9.75322
9.75322
9.75322
9.75323
9.75323
9.75323
9.75323
9.75323
9.75323
9.75323
9.75323
9.75324
9.75324
9.75324
9.75324
9.75324
9.75324
9.75324
9.75325
9.75325
9.75325
9.75325
9.75325
9.75326
9.75326
9.75326
9.75326
9.75326
9.75327
9.75327
9.75327
9.75327
9.75328
9.75328
9.75328
9.75328
9.75329
9.75329
9.75329
9.75329
9.75356
9.75306
9.75321
9.75322
9.75322
9.75322
9.75322
9.75322
9.75322
9.75322
9.75322
9.75322
9.75322
9.75322
9.75322
9.75322
9.75322
9.75322
9.75322
9.75322
9.75322
9.75322
9.75322
9.75322
9.75322
9.75322
9.75322
9.75322
9.75322
9.75322
9.75322
9.75322
9.75322
9.75322
9.75322
9.75322
9.75322
9.75322
9.75322
9.75322
9.75322
9.75322
9.75322
9.75322
9.75322
9.75322
9.75322
9.75322
9.75322
9.75322
9.75322
9.75322
9.75322
9.75322
9.75322
9.75322
9.75322
9.75322
9.75322
9.75323
9.75323
9.75323
9.75323
9.75323
9.75323
9.75323
9.75323
9.75323
9.75324
9.75324
9.75324
9.75324
9.75324
9.75324
9.75324
9.75325
9.75325
9.75325
9.75325
9.75325
9.75325
9.75326
9.75326
9.75326
9.75326
9.75326
9.75327
9.75327
9.75327
9.75327
9.75328
9.75328
9.75328
9.75328
9.75329
9.75329
9.75329
9.75329
9.7535
9.75309
9.75322
9.75322
9.75322
9.75322
9.75322
9.75322
9.75322
9.75322
9.75322
9.75322
9.75322
9.75322
9.75322
9.75322
9.75322
9.75322
9.75322
9.75322
9.75322
9.75322
9.75322
9.75322
9.75322
9.75322
9.75322
9.75322
9.75322
9.75322
9.75322
9.75322
9.75322
9.75322
9.75322
9.75322
9.75322
9.75322
9.75322
9.75322
9.75322
9.75322
9.75322
9.75322
9.75322
9.75322
9.75322
9.75322
9.75322
9.75322
9.75322
9.75322
9.75322
9.75322
9.75322
9.75322
9.75323
9.75323
9.75323
9.75323
9.75323
9.75323
9.75323
9.75323
9.75323
9.75323
9.75323
9.75324
9.75324
9.75324
9.75324
9.75324
9.75324
9.75324
9.75325
9.75325
9.75325
9.75325
9.75325
9.75325
9.75326
9.75326
9.75326
9.75326
9.75326
9.75327
9.75327
9.75327
9.75327
9.75327
9.75328
9.75328
9.75328
9.75328
9.75329
9.75329
9.75329
9.75329
9.75345
9.75312
9.75322
9.75322
9.75322
9.75322
9.75322
9.75322
9.75322
9.75322
9.75322
9.75322
9.75322
9.75322
9.75322
9.75322
9.75322
9.75322
9.75322
9.75322
9.75322
9.75322
9.75322
9.75322
9.75322
9.75322
9.75322
9.75322
9.75322
9.75322
9.75322
9.75322
9.75322
9.75322
9.75322
9.75322
9.75322
9.75322
9.75322
9.75322
9.75322
9.75322
9.75322
9.75322
9.75322
9.75322
9.75322
9.75322
9.75322
9.75322
9.75322
9.75322
9.75323
9.75323
9.75323
9.75323
9.75323
9.75323
9.75323
9.75323
9.75323
9.75323
9.75323
9.75323
9.75323
9.75323
9.75324
9.75324
9.75324
9.75324
9.75324
9.75324
9.75324
9.75324
9.75325
9.75325
9.75325
9.75325
9.75325
9.75325
9.75326
9.75326
9.75326
9.75326
9.75326
9.75327
9.75327
9.75327
9.75327
9.75327
9.75328
9.75328
9.75328
9.75328
9.75329
9.75329
9.75329
9.75329
9.7534
9.75314
9.75322
9.75322
9.75322
9.75322
9.75322
9.75322
9.75322
9.75322
9.75322
9.75322
9.75322
9.75322
9.75322
9.75322
9.75322
9.75322
9.75322
9.75322
9.75322
9.75322
9.75322
9.75322
9.75322
9.75322
9.75322
9.75322
9.75322
9.75322
9.75322
9.75322
9.75322
9.75322
9.75322
9.75322
9.75322
9.75322
9.75322
9.75322
9.75322
9.75322
9.75323
9.75323
9.75323
9.75323
9.75323
9.75323
9.75323
9.75323
9.75323
9.75323
9.75323
9.75323
9.75323
9.75323
9.75323
9.75323
9.75323
9.75323
9.75323
9.75323
9.75323
9.75323
9.75324
9.75324
9.75324
9.75324
9.75324
9.75324
9.75324
9.75324
9.75324
9.75325
9.75325
9.75325
9.75325
9.75325
9.75325
9.75326
9.75326
9.75326
9.75326
9.75326
9.75326
9.75327
9.75327
9.75327
9.75327
9.75327
9.75328
9.75328
9.75328
9.75328
9.75329
9.75329
9.75329
9.75329
9.75336
9.75315
9.75322
9.75323
9.75323
9.75323
9.75323
9.75323
9.75323
9.75323
9.75323
9.75323
9.75323
9.75323
9.75323
9.75323
9.75323
9.75323
9.75323
9.75323
9.75323
9.75323
9.75323
9.75323
9.75323
9.75323
9.75323
9.75323
9.75323
9.75323
9.75323
9.75323
9.75323
9.75323
9.75323
9.75323
9.75323
9.75323
9.75323
9.75323
9.75323
9.75323
9.75323
9.75323
9.75323
9.75323
9.75323
9.75323
9.75323
9.75323
9.75323
9.75323
9.75323
9.75323
9.75323
9.75323
9.75323
9.75323
9.75323
9.75323
9.75323
9.75323
9.75324
9.75324
9.75324
9.75324
9.75324
9.75324
9.75324
9.75324
9.75324
9.75324
9.75325
9.75325
9.75325
9.75325
9.75325
9.75325
9.75325
9.75326
9.75326
9.75326
9.75326
9.75326
9.75327
9.75327
9.75327
9.75327
9.75327
9.75328
9.75328
9.75328
9.75328
9.75328
9.75329
9.75329
9.75329
9.75329
9.75333
9.75317
9.75323
9.75323
9.75323
9.75323
9.75323
9.75323
9.75323
9.75323
9.75323
9.75323
9.75323
9.75323
9.75323
9.75323
9.75323
9.75323
9.75323
9.75323
9.75323
9.75323
9.75323
9.75323
9.75323
9.75323
9.75323
9.75323
9.75323
9.75323
9.75323
9.75323
9.75323
9.75323
9.75323
9.75323
9.75323
9.75323
9.75323
9.75323
9.75323
9.75323
9.75323
9.75323
9.75323
9.75323
9.75323
9.75323
9.75323
9.75323
9.75323
9.75323
9.75323
9.75323
9.75323
9.75323
9.75323
9.75323
9.75323
9.75323
9.75324
9.75324
9.75324
9.75324
9.75324
9.75324
9.75324
9.75324
9.75324
9.75324
9.75324
9.75325
9.75325
9.75325
9.75325
9.75325
9.75325
9.75325
9.75326
9.75326
9.75326
9.75326
9.75326
9.75326
9.75327
9.75327
9.75327
9.75327
9.75327
9.75328
9.75328
9.75328
9.75328
9.75328
9.75329
9.75329
9.75329
9.75329
9.7533
9.75318
9.75323
9.75323
9.75323
9.75323
9.75323
9.75323
9.75323
9.75323
9.75323
9.75323
9.75323
9.75323
9.75323
9.75323
9.75323
9.75323
9.75323
9.75323
9.75323
9.75323
9.75323
9.75323
9.75323
9.75323
9.75323
9.75323
9.75323
9.75323
9.75323
9.75323
9.75323
9.75323
9.75323
9.75323
9.75323
9.75323
9.75323
9.75323
9.75323
9.75323
9.75323
9.75323
9.75323
9.75323
9.75323
9.75323
9.75323
9.75323
9.75323
9.75323
9.75323
9.75323
9.75323
9.75323
9.75324
9.75324
9.75324
9.75324
9.75324
9.75324
9.75324
9.75324
9.75324
9.75324
9.75324
9.75324
9.75324
9.75324
9.75325
9.75325
9.75325
9.75325
9.75325
9.75325
9.75325
9.75326
9.75326
9.75326
9.75326
9.75326
9.75326
9.75326
9.75327
9.75327
9.75327
9.75327
9.75327
9.75328
9.75328
9.75328
9.75328
9.75328
9.75329
9.75329
9.75329
9.75329
9.75327
9.75319
9.75323
9.75323
9.75323
9.75323
9.75323
9.75323
9.75323
9.75323
9.75323
9.75323
9.75323
9.75323
9.75323
9.75323
9.75323
9.75323
9.75323
9.75323
9.75323
9.75323
9.75323
9.75323
9.75323
9.75323
9.75323
9.75323
9.75323
9.75323
9.75323
9.75323
9.75323
9.75323
9.75323
9.75323
9.75323
9.75323
9.75323
9.75323
9.75323
9.75323
9.75323
9.75323
9.75323
9.75323
9.75323
9.75324
9.75324
9.75324
9.75324
9.75324
9.75324
9.75324
9.75324
9.75324
9.75324
9.75324
9.75324
9.75324
9.75324
9.75324
9.75324
9.75324
9.75324
9.75324
9.75324
9.75324
9.75325
9.75325
9.75325
9.75325
9.75325
9.75325
9.75325
9.75325
9.75325
9.75326
9.75326
9.75326
9.75326
9.75326
9.75326
9.75327
9.75327
9.75327
9.75327
9.75327
9.75327
9.75328
9.75328
9.75328
9.75328
9.75328
9.75329
9.75329
9.75329
9.75329
9.75325
9.7532
9.75323
9.75324
9.75324
9.75324
9.75324
9.75324
9.75324
9.75324
9.75324
9.75324
9.75324
9.75324
9.75324
9.75324
9.75324
9.75324
9.75324
9.75324
9.75324
9.75324
9.75324
9.75324
9.75324
9.75324
9.75324
9.75324
9.75324
9.75324
9.75324
9.75324
9.75324
9.75324
9.75324
9.75324
9.75324
9.75324
9.75324
9.75324
9.75324
9.75324
9.75324
9.75324
9.75324
9.75324
9.75324
9.75324
9.75324
9.75324
9.75324
9.75324
9.75324
9.75324
9.75324
9.75324
9.75324
9.75324
9.75324
9.75324
9.75324
9.75324
9.75324
9.75324
9.75324
9.75324
9.75325
9.75325
9.75325
9.75325
9.75325
9.75325
9.75325
9.75325
9.75325
9.75325
9.75326
9.75326
9.75326
9.75326
9.75326
9.75326
9.75327
9.75327
9.75327
9.75327
9.75327
9.75327
9.75328
9.75328
9.75328
9.75328
9.75328
9.75328
9.75329
9.75329
9.75329
9.75329
9.75323
9.75321
9.75324
9.75324
9.75324
9.75324
9.75324
9.75324
9.75324
9.75324
9.75324
9.75324
9.75324
9.75324
9.75324
9.75324
9.75324
9.75324
9.75324
9.75324
9.75324
9.75324
9.75324
9.75324
9.75324
9.75324
9.75324
9.75324
9.75324
9.75324
9.75324
9.75324
9.75324
9.75324
9.75324
9.75324
9.75324
9.75324
9.75324
9.75324
9.75324
9.75324
9.75324
9.75324
9.75324
9.75324
9.75324
9.75324
9.75324
9.75324
9.75324
9.75324
9.75324
9.75324
9.75324
9.75324
9.75324
9.75324
9.75324
9.75324
9.75324
9.75324
9.75324
9.75325
9.75325
9.75325
9.75325
9.75325
9.75325
9.75325
9.75325
9.75325
9.75325
9.75325
9.75326
9.75326
9.75326
9.75326
9.75326
9.75326
9.75326
9.75326
9.75327
9.75327
9.75327
9.75327
9.75327
9.75327
9.75328
9.75328
9.75328
9.75328
9.75328
9.75328
9.75329
9.75329
9.75329
9.75329
9.75321
9.75322
9.75324
9.75324
9.75324
9.75324
9.75324
9.75324
9.75324
9.75324
9.75324
9.75324
9.75324
9.75324
9.75324
9.75324
9.75324
9.75324
9.75324
9.75324
9.75324
9.75324
9.75324
9.75324
9.75324
9.75324
9.75324
9.75324
9.75324
9.75324
9.75324
9.75324
9.75324
9.75324
9.75324
9.75324
9.75324
9.75324
9.75324
9.75324
9.75324
9.75324
9.75324
9.75324
9.75324
9.75324
9.75324
9.75324
9.75324
9.75324
9.75324
9.75324
9.75324
9.75324
9.75324
9.75324
9.75324
9.75324
9.75325
9.75325
9.75325
9.75325
9.75325
9.75325
9.75325
9.75325
9.75325
9.75325
9.75325
9.75325
9.75325
9.75325
9.75325
9.75326
9.75326
9.75326
9.75326
9.75326
9.75326
9.75326
9.75326
9.75327
9.75327
9.75327
9.75327
9.75327
9.75327
9.75327
9.75328
9.75328
9.75328
9.75328
9.75328
9.75329
9.75329
9.75329
9.75329
9.75329
9.7532
9.75322
9.75324
9.75324
9.75324
9.75324
9.75324
9.75324
9.75324
9.75324
9.75324
9.75324
9.75324
9.75324
9.75324
9.75324
9.75324
9.75324
9.75324
9.75324
9.75324
9.75324
9.75324
9.75324
9.75324
9.75324
9.75324
9.75324
9.75324
9.75324
9.75324
9.75324
9.75324
9.75324
9.75324
9.75324
9.75324
9.75324
9.75324
9.75324
9.75324
9.75324
9.75324
9.75324
9.75324
9.75324
9.75324
9.75324
9.75324
9.75325
9.75325
9.75325
9.75325
9.75325
9.75325
9.75325
9.75325
9.75325
9.75325
9.75325
9.75325
9.75325
9.75325
9.75325
9.75325
9.75325
9.75325
9.75325
9.75325
9.75325
9.75325
9.75326
9.75326
9.75326
9.75326
9.75326
9.75326
9.75326
9.75326
9.75326
9.75327
9.75327
9.75327
9.75327
9.75327
9.75327
9.75327
9.75328
9.75328
9.75328
9.75328
9.75328
9.75328
9.75329
9.75329
9.75329
9.75329
9.75329
9.75319
9.75323
9.75324
9.75325
9.75325
9.75325
9.75325
9.75325
9.75325
9.75325
9.75325
9.75325
9.75325
9.75325
9.75325
9.75325
9.75325
9.75325
9.75325
9.75325
9.75325
9.75325
9.75325
9.75325
9.75325
9.75325
9.75325
9.75325
9.75325
9.75325
9.75325
9.75325
9.75325
9.75325
9.75325
9.75325
9.75325
9.75325
9.75325
9.75325
9.75325
9.75325
9.75325
9.75325
9.75325
9.75325
9.75325
9.75325
9.75325
9.75325
9.75325
9.75325
9.75325
9.75325
9.75325
9.75325
9.75325
9.75325
9.75325
9.75325
9.75325
9.75325
9.75325
9.75325
9.75325
9.75325
9.75325
9.75325
9.75325
9.75326
9.75326
9.75326
9.75326
9.75326
9.75326
9.75326
9.75326
9.75326
9.75326
9.75327
9.75327
9.75327
9.75327
9.75327
9.75327
9.75327
9.75327
9.75328
9.75328
9.75328
9.75328
9.75328
9.75328
9.75329
9.75329
9.75329
9.75329
9.75329
9.75317
9.75323
9.75325
9.75325
9.75325
9.75325
9.75325
9.75325
9.75325
9.75325
9.75325
9.75325
9.75325
9.75325
9.75325
9.75325
9.75325
9.75325
9.75325
9.75325
9.75325
9.75325
9.75325
9.75325
9.75325
9.75325
9.75325
9.75325
9.75325
9.75325
9.75325
9.75325
9.75325
9.75325
9.75325
9.75325
9.75325
9.75325
9.75325
9.75325
9.75325
9.75325
9.75325
9.75325
9.75325
9.75325
9.75325
9.75325
9.75325
9.75325
9.75325
9.75325
9.75325
9.75325
9.75325
9.75325
9.75325
9.75325
9.75325
9.75325
9.75325
9.75325
9.75325
9.75325
9.75325
9.75325
9.75326
9.75326
9.75326
9.75326
9.75326
9.75326
9.75326
9.75326
9.75326
9.75326
9.75326
9.75326
9.75327
9.75327
9.75327
9.75327
9.75327
9.75327
9.75327
9.75327
9.75328
9.75328
9.75328
9.75328
9.75328
9.75328
9.75328
9.75329
9.75329
9.75329
9.75329
9.75329
9.75316
9.75324
9.75325
9.75325
9.75325
9.75325
9.75325
9.75325
9.75325
9.75325
9.75325
9.75325
9.75325
9.75325
9.75325
9.75325
9.75325
9.75325
9.75325
9.75325
9.75325
9.75325
9.75325
9.75325
9.75325
9.75325
9.75325
9.75325
9.75325
9.75325
9.75325
9.75325
9.75325
9.75325
9.75325
9.75325
9.75325
9.75325
9.75325
9.75325
9.75325
9.75325
9.75325
9.75325
9.75325
9.75325
9.75325
9.75325
9.75325
9.75325
9.75325
9.75325
9.75325
9.75325
9.75325
9.75325
9.75325
9.75325
9.75325
9.75325
9.75325
9.75326
9.75326
9.75326
9.75326
9.75326
9.75326
9.75326
9.75326
9.75326
9.75326
9.75326
9.75326
9.75326
9.75326
9.75326
9.75327
9.75327
9.75327
9.75327
9.75327
9.75327
9.75327
9.75327
9.75327
9.75328
9.75328
9.75328
9.75328
9.75328
9.75328
9.75328
9.75329
9.75329
9.75329
9.75329
9.75329
9.75329
9.75315
9.75324
9.75325
9.75325
9.75325
9.75325
9.75325
9.75325
9.75325
9.75325
9.75325
9.75325
9.75325
9.75325
9.75325
9.75325
9.75325
9.75325
9.75325
9.75325
9.75325
9.75325
9.75325
9.75325
9.75325
9.75325
9.75325
9.75325
9.75325
9.75325
9.75325
9.75325
9.75325
9.75325
9.75325
9.75325
9.75325
9.75325
9.75325
9.75325
9.75325
9.75325
9.75325
9.75325
9.75325
9.75325
9.75325
9.75325
9.75326
9.75326
9.75326
9.75326
9.75326
9.75326
9.75326
9.75326
9.75326
9.75326
9.75326
9.75326
9.75326
9.75326
9.75326
9.75326
9.75326
9.75326
9.75326
9.75326
9.75326
9.75326
9.75326
9.75326
9.75326
9.75326
9.75326
9.75327
9.75327
9.75327
9.75327
9.75327
9.75327
9.75327
9.75327
9.75327
9.75327
9.75328
9.75328
9.75328
9.75328
9.75328
9.75328
9.75328
9.75329
9.75329
9.75329
9.75329
9.75329
9.75329
9.75314
9.75325
9.75325
9.75326
9.75326
9.75326
9.75326
9.75326
9.75326
9.75326
9.75326
9.75326
9.75326
9.75326
9.75326
9.75326
9.75326
9.75326
9.75326
9.75326
9.75326
9.75326
9.75326
9.75326
9.75326
9.75326
9.75326
9.75326
9.75326
9.75326
9.75326
9.75326
9.75326
9.75326
9.75326
9.75326
9.75326
9.75326
9.75326
9.75326
9.75326
9.75326
9.75326
9.75326
9.75326
9.75326
9.75326
9.75326
9.75326
9.75326
9.75326
9.75326
9.75326
9.75326
9.75326
9.75326
9.75326
9.75326
9.75326
9.75326
9.75326
9.75326
9.75326
9.75326
9.75326
9.75326
9.75326
9.75326
9.75326
9.75326
9.75326
9.75326
9.75327
9.75327
9.75327
9.75327
9.75327
9.75327
9.75327
9.75327
9.75327
9.75327
9.75327
9.75327
9.75328
9.75328
9.75328
9.75328
9.75328
9.75328
9.75328
9.75328
9.75329
9.75329
9.75329
9.75329
9.75329
9.75329
9.75313
9.75325
9.75326
9.75326
9.75326
9.75326
9.75326
9.75326
9.75326
9.75326
9.75326
9.75326
9.75326
9.75326
9.75326
9.75326
9.75326
9.75326
9.75326
9.75326
9.75326
9.75326
9.75326
9.75326
9.75326
9.75326
9.75326
9.75326
9.75326
9.75326
9.75326
9.75326
9.75326
9.75326
9.75326
9.75326
9.75326
9.75326
9.75326
9.75326
9.75326
9.75326
9.75326
9.75326
9.75326
9.75326
9.75326
9.75326
9.75326
9.75326
9.75326
9.75326
9.75326
9.75326
9.75326
9.75326
9.75326
9.75326
9.75326
9.75326
9.75326
9.75326
9.75326
9.75326
9.75326
9.75326
9.75326
9.75326
9.75326
9.75327
9.75327
9.75327
9.75327
9.75327
9.75327
9.75327
9.75327
9.75327
9.75327
9.75327
9.75327
9.75327
9.75328
9.75328
9.75328
9.75328
9.75328
9.75328
9.75328
9.75328
9.75328
9.75329
9.75329
9.75329
9.75329
9.75329
9.75329
9.75329
9.75312
9.75325
9.75326
9.75326
9.75326
9.75326
9.75326
9.75326
9.75326
9.75326
9.75326
9.75326
9.75326
9.75326
9.75326
9.75326
9.75326
9.75326
9.75326
9.75326
9.75326
9.75326
9.75326
9.75326
9.75326
9.75326
9.75326
9.75326
9.75326
9.75326
9.75326
9.75326
9.75326
9.75326
9.75326
9.75326
9.75326
9.75326
9.75326
9.75326
9.75326
9.75326
9.75326
9.75326
9.75326
9.75326
9.75326
9.75326
9.75326
9.75326
9.75326
9.75326
9.75326
9.75326
9.75326
9.75326
9.75326
9.75326
9.75326
9.75326
9.75326
9.75326
9.75326
9.75327
9.75327
9.75327
9.75327
9.75327
9.75327
9.75327
9.75327
9.75327
9.75327
9.75327
9.75327
9.75327
9.75327
9.75327
9.75327
9.75327
9.75327
9.75328
9.75328
9.75328
9.75328
9.75328
9.75328
9.75328
9.75328
9.75328
9.75328
9.75329
9.75329
9.75329
9.75329
9.75329
9.75329
9.75329
9.75311
9.75326
9.75326
9.75327
9.75327
9.75327
9.75327
9.75327
9.75327
9.75327
9.75327
9.75327
9.75327
9.75327
9.75327
9.75327
9.75327
9.75327
9.75327
9.75327
9.75327
9.75327
9.75327
9.75327
9.75327
9.75327
9.75327
9.75327
9.75327
9.75327
9.75327
9.75327
9.75327
9.75327
9.75327
9.75327
9.75327
9.75327
9.75327
9.75327
9.75327
9.75327
9.75327
9.75327
9.75327
9.75327
9.75327
9.75327
9.75327
9.75327
9.75327
9.75327
9.75327
9.75327
9.75327
9.75327
9.75327
9.75327
9.75327
9.75327
9.75327
9.75327
9.75327
9.75327
9.75327
9.75327
9.75327
9.75327
9.75327
9.75327
9.75327
9.75327
9.75327
9.75327
9.75327
9.75327
9.75327
9.75327
9.75327
9.75328
9.75328
9.75328
9.75328
9.75328
9.75328
9.75328
9.75328
9.75328
9.75328
9.75328
9.75329
9.75329
9.75329
9.75329
9.75329
9.75329
9.75329
9.75329
9.75311
9.75326
9.75327
9.75327
9.75327
9.75327
9.75327
9.75327
9.75327
9.75327
9.75327
9.75327
9.75327
9.75327
9.75327
9.75327
9.75327
9.75327
9.75327
9.75327
9.75327
9.75327
9.75327
9.75327
9.75327
9.75327
9.75327
9.75327
9.75327
9.75327
9.75327
9.75327
9.75327
9.75327
9.75327
9.75327
9.75327
9.75327
9.75327
9.75327
9.75327
9.75327
9.75327
9.75327
9.75327
9.75327
9.75327
9.75327
9.75327
9.75327
9.75327
9.75327
9.75327
9.75327
9.75327
9.75327
9.75327
9.75327
9.75327
9.75327
9.75327
9.75327
9.75327
9.75327
9.75327
9.75327
9.75327
9.75327
9.75327
9.75327
9.75327
9.75327
9.75327
9.75327
9.75327
9.75327
9.75328
9.75328
9.75328
9.75328
9.75328
9.75328
9.75328
9.75328
9.75328
9.75328
9.75328
9.75328
9.75328
9.75329
9.75329
9.75329
9.75329
9.75329
9.75329
9.75329
9.75329
9.75329
9.7531
9.75326
9.75327
9.75327
9.75327
9.75327
9.75327
9.75327
9.75327
9.75327
9.75327
9.75327
9.75327
9.75327
9.75327
9.75327
9.75327
9.75327
9.75327
9.75327
9.75327
9.75327
9.75327
9.75327
9.75327
9.75327
9.75327
9.75327
9.75327
9.75327
9.75327
9.75327
9.75327
9.75327
9.75327
9.75327
9.75327
9.75327
9.75327
9.75327
9.75327
9.75327
9.75327
9.75327
9.75327
9.75327
9.75327
9.75327
9.75327
9.75327
9.75327
9.75327
9.75327
9.75327
9.75327
9.75327
9.75327
9.75327
9.75327
9.75327
9.75327
9.75327
9.75327
9.75327
9.75327
9.75327
9.75327
9.75327
9.75327
9.75327
9.75327
9.75327
9.75328
9.75328
9.75328
9.75328
9.75328
9.75328
9.75328
9.75328
9.75328
9.75328
9.75328
9.75328
9.75328
9.75328
9.75328
9.75328
9.75329
9.75329
9.75329
9.75329
9.75329
9.75329
9.75329
9.75329
9.75329
9.75329
9.75309
9.75327
9.75327
9.75327
9.75327
9.75327
9.75327
9.75327
9.75327
9.75327
9.75327
9.75327
9.75327
9.75327
9.75327
9.75327
9.75327
9.75327
9.75327
9.75327
9.75327
9.75327
9.75327
9.75327
9.75327
9.75327
9.75327
9.75327
9.75327
9.75327
9.75327
9.75327
9.75327
9.75327
9.75327
9.75327
9.75327
9.75327
9.75327
9.75327
9.75327
9.75327
9.75327
9.75327
9.75327
9.75327
9.75327
9.75327
9.75327
9.75327
9.75327
9.75327
9.75327
9.75327
9.75327
9.75327
9.75327
9.75327
9.75327
9.75327
9.75327
9.75327
9.75327
9.75327
9.75328
9.75328
9.75328
9.75328
9.75328
9.75328
9.75328
9.75328
9.75328
9.75328
9.75328
9.75328
9.75328
9.75328
9.75328
9.75328
9.75328
9.75328
9.75328
9.75328
9.75328
9.75328
9.75328
9.75329
9.75329
9.75329
9.75329
9.75329
9.75329
9.75329
9.75329
9.75329
9.75329
9.75329
9.75308
9.75327
9.75327
9.75328
9.75328
9.75328
9.75328
9.75328
9.75328
9.75328
9.75328
9.75328
9.75328
9.75328
9.75328
9.75328
9.75328
9.75328
9.75328
9.75328
9.75328
9.75328
9.75328
9.75328
9.75328
9.75328
9.75328
9.75328
9.75328
9.75328
9.75328
9.75328
9.75328
9.75328
9.75328
9.75328
9.75328
9.75328
9.75328
9.75328
9.75328
9.75328
9.75328
9.75328
9.75328
9.75328
9.75328
9.75328
9.75328
9.75328
9.75328
9.75328
9.75328
9.75328
9.75328
9.75328
9.75328
9.75328
9.75328
9.75328
9.75328
9.75328
9.75328
9.75328
9.75328
9.75328
9.75328
9.75328
9.75328
9.75328
9.75328
9.75328
9.75328
9.75328
9.75328
9.75328
9.75328
9.75328
9.75328
9.75328
9.75328
9.75328
9.75328
9.75328
9.75328
9.75329
9.75329
9.75329
9.75329
9.75329
9.75329
9.75329
9.75329
9.75329
9.75329
9.75329
9.75329
9.75329
9.75307
9.75327
9.75328
9.75328
9.75328
9.75328
9.75328
9.75328
9.75328
9.75328
9.75328
9.75328
9.75328
9.75328
9.75328
9.75328
9.75328
9.75328
9.75328
9.75328
9.75328
9.75328
9.75328
9.75328
9.75328
9.75328
9.75328
9.75328
9.75328
9.75328
9.75328
9.75328
9.75328
9.75328
9.75328
9.75328
9.75328
9.75328
9.75328
9.75328
9.75328
9.75328
9.75328
9.75328
9.75328
9.75328
9.75328
9.75328
9.75328
9.75328
9.75328
9.75328
9.75328
9.75328
9.75328
9.75328
9.75328
9.75328
9.75328
9.75328
9.75328
9.75328
9.75328
9.75328
9.75328
9.75328
9.75328
9.75328
9.75328
9.75328
9.75328
9.75328
9.75328
9.75328
9.75328
9.75328
9.75328
9.75328
9.75328
9.75328
9.75328
9.75328
9.75329
9.75329
9.75329
9.75329
9.75329
9.75329
9.75329
9.75329
9.75329
9.75329
9.75329
9.75329
9.75329
9.75329
9.75329
9.75329
9.75307
9.75328
9.75328
9.75328
9.75328
9.75328
9.75328
9.75328
9.75328
9.75328
9.75328
9.75328
9.75328
9.75328
9.75328
9.75328
9.75328
9.75328
9.75328
9.75328
9.75328
9.75328
9.75328
9.75328
9.75328
9.75328
9.75328
9.75328
9.75328
9.75328
9.75328
9.75328
9.75328
9.75328
9.75328
9.75328
9.75328
9.75328
9.75328
9.75328
9.75328
9.75328
9.75328
9.75328
9.75328
9.75328
9.75328
9.75328
9.75328
9.75328
9.75328
9.75328
9.75328
9.75328
9.75328
9.75328
9.75328
9.75328
9.75328
9.75328
9.75328
9.75328
9.75328
9.75328
9.75328
9.75328
9.75328
9.75328
9.75328
9.75328
9.75328
9.75328
9.75328
9.75328
9.75328
9.75328
9.75328
9.75328
9.75329
9.75329
9.75329
9.75329
9.75329
9.75329
9.75329
9.75329
9.75329
9.75329
9.75329
9.75329
9.75329
9.75329
9.75329
9.75329
9.75329
9.75329
9.75329
9.75329
9.75308
9.75328
9.75328
9.75328
9.75328
9.75328
9.75328
9.75328
9.75328
9.75328
9.75328
9.75328
9.75328
9.75328
9.75328
9.75328
9.75328
9.75328
9.75328
9.75328
9.75328
9.75328
9.75328
9.75328
9.75328
9.75328
9.75328
9.75328
9.75328
9.75328
9.75328
9.75328
9.75328
9.75328
9.75328
9.75328
9.75328
9.75328
9.75328
9.75328
9.75328
9.75328
9.75328
9.75328
9.75328
9.75328
9.75328
9.75328
9.75328
9.75328
9.75328
9.75328
9.75328
9.75328
9.75328
9.75328
9.75328
9.75328
9.75328
9.75328
9.75328
9.75328
9.75328
9.75328
9.75328
9.75328
9.75328
9.75329
9.75329
9.75329
9.75329
9.75329
9.75329
9.75329
9.75329
9.75329
9.75329
9.75329
9.75329
9.75329
9.75329
9.75329
9.75329
9.75329
9.75329
9.75329
9.75329
9.75329
9.75329
9.75329
9.75329
9.75329
9.75329
9.75329
9.75329
9.75329
9.75329
9.75329
9.7531
9.75328
9.75329
9.75329
9.75329
9.75329
9.75329
9.75329
9.75329
9.75329
9.75329
9.75329
9.75329
9.75329
9.75329
9.75329
9.75329
9.75329
9.75329
9.75329
9.75329
9.75329
9.75329
9.75329
9.75329
9.75329
9.75329
9.75329
9.75329
9.75329
9.75329
9.75329
9.75329
9.75329
9.75329
9.75329
9.75329
9.75329
9.75329
9.75329
9.75329
9.75329
9.75329
9.75329
9.75329
9.75329
9.75329
9.75329
9.75329
9.75329
9.75329
9.75329
9.75329
9.75329
9.75329
9.75329
9.75329
9.75329
9.75329
9.75329
9.75329
9.75329
9.75329
9.75329
9.75329
9.75329
9.75329
9.75329
9.75329
9.75329
9.75329
9.75329
9.75329
9.75329
9.75329
9.75329
9.75329
9.75329
9.75329
9.75329
9.75329
9.75329
9.75329
9.75329
9.75329
9.75329
9.75329
9.75329
9.75329
9.75329
9.75329
9.75329
9.75329
9.75329
9.75329
9.75329
9.75329
9.75329
9.75313
9.75329
9.75329
9.75329
9.75329
9.75329
9.75329
9.75329
9.75329
9.75329
9.75329
9.75329
9.75329
9.75329
9.75329
9.75329
9.75329
9.75329
9.75329
9.75329
9.75329
9.75329
9.75329
9.75329
9.75329
9.75329
9.75329
9.75329
9.75329
9.75329
9.75329
9.75329
9.75329
9.75329
9.75329
9.75329
9.75329
9.75329
9.75329
9.75329
9.75329
9.75329
9.75329
9.75329
9.75329
9.75329
9.75329
9.75329
9.75329
9.75329
9.75329
9.75329
9.75329
9.75329
9.75329
9.75329
9.75329
9.75329
9.75329
9.75329
9.75329
9.75329
9.75329
9.75329
9.75329
9.75329
9.75329
9.75329
9.75329
9.75329
9.75329
9.75329
9.75329
9.75329
9.75329
9.75329
9.75329
9.75329
9.75329
9.75329
9.75329
9.75329
9.75329
9.75329
9.75329
9.75329
9.75329
9.75329
9.75329
9.75329
9.75329
9.75329
9.75329
9.75329
9.75329
9.75329
9.75329
9.75329
9.7532
9.75329
9.75329
9.75329
9.75329
9.75329
9.75329
9.75329
9.75329
9.75329
9.75329
9.75329
9.75329
9.75329
9.75329
9.75329
9.75329
9.75329
9.75329
9.75329
9.75329
9.75329
9.75329
9.75329
9.75329
9.75329
9.75329
9.75329
9.75329
9.75329
9.75329
9.75329
9.75329
9.75329
9.75329
9.75329
9.75329
9.75329
9.75329
9.75329
9.75329
9.75329
9.75329
9.75329
9.75329
9.75329
9.75329
9.75329
9.75329
9.75329
9.75329
9.75329
9.75329
9.75329
9.75329
9.75329
9.75329
9.75329
9.75329
9.75329
9.75329
9.75329
9.75329
9.75329
9.75329
9.75329
9.75329
9.75329
9.75329
9.75329
9.75329
9.75329
9.75329
9.75329
9.75329
9.75329
9.75329
9.75329
9.75329
9.75329
9.75329
9.75329
9.75329
9.75329
9.75329
9.75329
9.75329
9.75329
9.75329
9.75329
9.75329
9.75329
9.75329
9.75329
9.75329
9.75329
9.75329
9.75329
